0.001000	0.001570
0.002000	0.002669
0.003000	0.003669
0.004000	0.004417
0.005000	0.004898
0.006000	0.005083
0.007000	0.004958
0.008000	0.004516
0.009000	0.003765
0.010000	0.002724
0.011000	0.001425
0.012000	-0.000082
0.013000	-0.001738
0.014000	-0.003468
0.015000	-0.005191
0.016000	-0.006817
0.017000	-0.008260
0.018000	-0.009434
0.019000	-0.010268
0.020000	-0.010704
0.021000	-0.010708
0.022000	-0.010273
0.023000	-0.009418
0.024000	-0.008195
0.025000	-0.006682
0.026000	-0.004982
0.027000	-0.003217
0.028000	-0.001519
0.029000	-0.000022
0.030000	0.001148
0.031000	0.001887
0.032000	0.002119
0.033000	0.001805
0.034000	0.000951
0.035000	-0.000389
0.036000	-0.002118
0.037000	-0.004097
0.038000	-0.006154
0.039000	-0.008102
0.040000	-0.009751
0.041000	-0.010927
0.042000	-0.011489
0.043000	-0.011346
0.044000	-0.010464
0.045000	-0.008877
0.046000	-0.006685
0.047000	-0.004046
0.048000	-0.001171
0.049000	0.001699
0.050000	0.004307
0.051000	0.006403
0.052000	0.007767
0.053000	0.008231
0.054000	0.007698
0.055000	0.006156
0.056000	0.003689
0.057000	0.000473
0.058000	-0.003231
0.059000	-0.007097
0.060000	-0.010764
0.061000	-0.013868
0.062000	-0.016083
0.063000	-0.017156
0.064000	-0.016935
0.065000	-0.015386
0.066000	-0.012597
0.067000	-0.008774
0.068000	-0.004220
0.069000	0.000684
0.070000	0.005515
0.071000	0.009837
0.072000	0.013238
0.073000	0.015366
0.074000	0.015961
0.075000	0.014892
0.076000	0.012175
0.077000	0.007986
0.078000	0.002657
0.079000	-0.003342
0.080000	-0.009450
0.081000	-0.015065
0.082000	-0.019620
0.083000	-0.022640
0.084000	-0.023806
0.085000	-0.022983
0.086000	-0.020231
0.087000	-0.015786
0.088000	-0.010036
0.089000	-0.003478
0.090000	0.003324
0.091000	0.009778
0.092000	0.015310
0.093000	0.019407
0.094000	0.021662
0.095000	0.021810
0.096000	0.019770
0.097000	0.015665
0.098000	0.009831
0.099000	0.002795
0.100000	-0.004763
0.101000	-0.012088
0.102000	-0.018432
0.103000	-0.023159
0.104000	-0.025813
0.105000	-0.026174
0.106000	-0.024262
0.107000	-0.020316
0.108000	-0.014748
0.109000	-0.008092
0.110000	-0.000952
0.111000	0.006049
0.112000	0.012308
0.113000	0.017285
0.114000	0.020544
0.115000	0.021789
0.116000	0.020899
0.117000	0.017947
0.118000	0.013213
0.119000	0.007162
0.120000	0.000407
0.121000	-0.006358
0.122000	-0.012443
0.123000	-0.017251
0.124000	-0.020346
0.125000	-0.021503
0.126000	-0.020712
0.127000	-0.018158
0.128000	-0.014178
0.129000	-0.009210
0.130000	-0.003749
0.131000	0.001704
0.132000	0.006675
0.133000	0.010749
0.134000	0.013602
0.135000	0.015025
0.136000	0.014939
0.137000	0.013405
0.138000	0.010624
0.139000	0.006915
0.140000	0.002684
0.141000	-0.001623
0.142000	-0.005571
0.143000	-0.008787
0.144000	-0.011004
0.145000	-0.012076
0.146000	-0.011992
0.147000	-0.010852
0.148000	-0.008854
0.149000	-0.006251
0.150000	-0.003331
0.151000	-0.000381
0.152000	0.002331
0.153000	0.004585
0.154000	0.006215
0.155000	0.007125
0.156000	0.007291
0.157000	0.006760
0.158000	0.005642
0.159000	0.004095
0.160000	0.002309
0.161000	0.000479
0.162000	-0.001211
0.163000	-0.002608
0.164000	-0.003606
0.165000	-0.004150
0.166000	-0.004235
0.167000	-0.003903
0.168000	-0.003230
0.169000	-0.002317
0.170000	-0.001273
0.171000	-0.000208
0.172000	0.000780
0.173000	0.001613
0.174000	0.002235
0.175000	0.002618
0.176000	0.002758
0.177000	0.002678
0.178000	0.002414
0.179000	0.002020
0.180000	0.001552
0.181000	0.001069
0.182000	0.000620
0.183000	0.000246
0.184000	-0.000024
0.185000	-0.000178
0.186000	-0.000214
0.187000	-0.000145
0.188000	0.000011
0.189000	0.000228
0.190000	0.000481
0.191000	0.000742
0.192000	0.000990
0.193000	0.001207
0.194000	0.001380
0.195000	0.001504
0.196000	0.001579
0.197000	0.001609
0.198000	0.001603
0.199000	0.001569
0.200000	0.001521
0.201000	0.001467
0.202000	0.001417
0.203000	0.001379
0.204000	0.001356
0.205000	0.001352
0.206000	0.001366
0.207000	0.001396
0.208000	0.001441
0.209000	0.001495
0.210000	0.001556
0.211000	0.001620
0.212000	0.001682
0.213000	0.001742
0.214000	0.001796
0.215000	0.001845
0.216000	0.001888
0.217000	0.001925
0.218000	0.001958
0.219000	0.001987
0.220000	0.002014
0.221000	0.002040
0.222000	0.002065
0.223000	0.002092
0.224000	0.002119
0.225000	0.002149
0.226000	0.002179
0.227000	0.002212
0.228000	0.002245
0.229000	0.002280
0.230000	0.002315
0.231000	0.002351
0.232000	0.002387
0.233000	0.002423
0.234000	0.002458
0.235000	0.002493
0.236000	0.002528
0.237000	0.002562
0.238000	0.002596
0.239000	0.002630
0.240000	0.002663
0.241000	0.002696
0.242000	0.002729
0.243000	0.002762
0.244000	0.002795
0.245000	0.002828
0.246000	0.002861
0.247000	0.002894
0.248000	0.002927
0.249000	0.002960
0.250000	0.002993
0.251000	0.003027
0.252000	0.003060
0.253000	0.003093
0.254000	0.003126
0.255000	0.003158
0.256000	0.003191
0.257000	0.003224
0.258000	0.003257
0.259000	0.003289
0.260000	0.003322
0.261000	0.003354
0.262000	0.003387
0.263000	0.003419
0.264000	0.003451
0.265000	0.003484
0.266000	0.003516
0.267000	0.003548
0.268000	0.003580
0.269000	0.003612
0.270000	0.003644
0.271000	0.003675
0.272000	0.003707
0.273000	0.003739
0.274000	0.003770
0.275000	0.003802
0.276000	0.003833
0.277000	0.003865
0.278000	0.003896
0.279000	0.003927
0.280000	0.003958
0.281000	0.003989
0.282000	0.004020
0.283000	0.004051
0.284000	0.004082
0.285000	0.004113
0.286000	0.004143
0.287000	0.004174
0.288000	0.004204
0.289000	0.004235
0.290000	0.004265
0.291000	0.004295
0.292000	0.004325
0.293000	0.004355
0.294000	0.004385
0.295000	0.004415
0.296000	0.004445
0.297000	0.004474
0.298000	0.004504
0.299000	0.004533
0.300000	0.004563
0.301000	0.004592
0.302000	0.004621
0.303000	0.004650
0.304000	0.004679
0.305000	0.004708
0.306000	0.004737
0.307000	0.004765
0.308000	0.004794
0.309000	0.004822
0.310000	0.004851
0.311000	0.004879
0.312000	0.004907
0.313000	0.004935
0.314000	0.004963
0.315000	0.004991
0.316000	0.005019
0.317000	0.005046
0.318000	0.005074
0.319000	0.005101
0.320000	0.005129
0.321000	0.005156
0.322000	0.005183
0.323000	0.005210
0.324000	0.005237
0.325000	0.005263
0.326000	0.005290
0.327000	0.005317
0.328000	0.005343
0.329000	0.005369
0.330000	0.005395
0.331000	0.005422
0.332000	0.005448
0.333000	0.005473
0.334000	0.005499
0.335000	0.005525
0.336000	0.005550
0.337000	0.005576
0.338000	0.005601
0.339000	0.005626
0.340000	0.005651
0.341000	0.005676
0.342000	0.005701
0.343000	0.005725
0.344000	0.005750
0.345000	0.005774
0.346000	0.005798
0.347000	0.005823
0.348000	0.005847
0.349000	0.005871
0.350000	0.005894
0.351000	0.005918
0.352000	0.005942
0.353000	0.005965
0.354000	0.005988
0.355000	0.006012
0.356000	0.006035
0.357000	0.006058
0.358000	0.006080
0.359000	0.006103
0.360000	0.006126
0.361000	0.006148
0.362000	0.006170
0.363000	0.006192
0.364000	0.006214
0.365000	0.006236
0.366000	0.006258
0.367000	0.006280
0.368000	0.006301
0.369000	0.006323
0.370000	0.006344
0.371000	0.006365
0.372000	0.006386
0.373000	0.006407
0.374000	0.006428
0.375000	0.006449
0.376000	0.006469
0.377000	0.006489
0.378000	0.006510
0.379000	0.006530
0.380000	0.006550
0.381000	0.006570
0.382000	0.006589
0.383000	0.006609
0.384000	0.006628
0.385000	0.006648
0.386000	0.006667
0.387000	0.006686
0.388000	0.006705
0.389000	0.006723
0.390000	0.006742
0.391000	0.006761
0.392000	0.006779
0.393000	0.006797
0.394000	0.006815
0.395000	0.006833
0.396000	0.006851
0.397000	0.006869
0.398000	0.006886
0.399000	0.006904
0.400000	0.006921
0.401000	0.006938
0.402000	0.006955
0.403000	0.006972
0.404000	0.006989
0.405000	0.007006
0.406000	0.007022
0.407000	0.007039
0.408000	0.007055
0.409000	0.007071
0.410000	0.007087
0.411000	0.007103
0.412000	0.007118
0.413000	0.007134
0.414000	0.007149
0.415000	0.007165
0.416000	0.007180
0.417000	0.007195
0.418000	0.007210
0.419000	0.007224
0.420000	0.007239
0.421000	0.007253
0.422000	0.007268
0.423000	0.007282
0.424000	0.007296
0.425000	0.007310
0.426000	0.007324
0.427000	0.007338
0.428000	0.007351
0.429000	0.007364
0.430000	0.007378
0.431000	0.007391
0.432000	0.007404
0.433000	0.007417
0.434000	0.007429
0.435000	0.007442
0.436000	0.007454
0.437000	0.007467
0.438000	0.007479
0.439000	0.007491
0.440000	0.007503
0.441000	0.007515
0.442000	0.007526
0.443000	0.007538
0.444000	0.007549
0.445000	0.007560
0.446000	0.007571
0.447000	0.007582
0.448000	0.007593
0.449000	0.007604
0.450000	0.007614
0.451000	0.007625
0.452000	0.007635
0.453000	0.007645
0.454000	0.007655
0.455000	0.007665
0.456000	0.007675
0.457000	0.007685
0.458000	0.007694
0.459000	0.007704
0.460000	0.007713
0.461000	0.007722
0.462000	0.007731
0.463000	0.007740
0.464000	0.007748
0.465000	0.007757
0.466000	0.007765
0.467000	0.007774
0.468000	0.007782
0.469000	0.007790
0.470000	0.007798
0.471000	0.007806
0.472000	0.007813
0.473000	0.007821
0.474000	0.007828
0.475000	0.007836
0.476000	0.007843
0.477000	0.007850
0.478000	0.007857
0.479000	0.007863
0.480000	0.007870
0.481000	0.007876
0.482000	0.007883
0.483000	0.007889
0.484000	0.007895
0.485000	0.007901
0.486000	0.007907
0.487000	0.007913
0.488000	0.007918
0.489000	0.007924
0.490000	0.007929
0.491000	0.007934
0.492000	0.007939
0.493000	0.007944
0.494000	0.007949
0.495000	0.007954
0.496000	0.007958
0.497000	0.007963
0.498000	0.007967
0.499000	0.007971
0.500000	0.007976
0.501000	0.007979
0.502000	0.007983
0.503000	0.007987
0.504000	0.007991
0.505000	0.007994
0.506000	0.007997
0.507000	0.008001
0.508000	0.008004
0.509000	0.008007
0.510000	0.008009
0.511000	0.008012
0.512000	0.008015
0.513000	0.008017
0.514000	0.008020
0.515000	0.008022
0.516000	0.008024
0.517000	0.008026
0.518000	0.008028
0.519000	0.008030
0.520000	0.008031
0.521000	0.008033
0.522000	0.008034
0.523000	0.008035
0.524000	0.008037
0.525000	0.008038
0.526000	0.008039
0.527000	0.008039
0.528000	0.008040
0.529000	0.008041
0.530000	0.008041
0.531000	0.008041
0.532000	0.008042
0.533000	0.008042
0.534000	0.008042
0.535000	0.008042
0.536000	0.008041
0.537000	0.008041
0.538000	0.008040
0.539000	0.008040
0.540000	0.008039
0.541000	0.008038
0.542000	0.008037
0.543000	0.008036
0.544000	0.008035
0.545000	0.008034
0.546000	0.008032
0.547000	0.008031
0.548000	0.008029
0.549000	0.008028
0.550000	0.008026
0.551000	0.008024
0.552000	0.008022
0.553000	0.008019
0.554000	0.008017
0.555000	0.008015
0.556000	0.008012
0.557000	0.008010
0.558000	0.008007
0.559000	0.008004
0.560000	0.008001
0.561000	0.007998
0.562000	0.007995
0.563000	0.007992
0.564000	0.007988
0.565000	0.007985
0.566000	0.007981
0.567000	0.007978
0.568000	0.007974
0.569000	0.007970
0.570000	0.007966
0.571000	0.007962
0.572000	0.007958
0.573000	0.007953
0.574000	0.007949
0.575000	0.007944
0.576000	0.007940
0.577000	0.007935
0.578000	0.007930
0.579000	0.007925
0.580000	0.007920
0.581000	0.007915
0.582000	0.007910
0.583000	0.007904
0.584000	0.007899
0.585000	0.007893
0.586000	0.007888
0.587000	0.007882
0.588000	0.007876
0.589000	0.007870
0.590000	0.007864
0.591000	0.007858
0.592000	0.007852
0.593000	0.007845
0.594000	0.007839
0.595000	0.007832
0.596000	0.007826
0.597000	0.007819
0.598000	0.007812
0.599000	0.007805
0.600000	0.007798
0.601000	0.007791
0.602000	0.007784
0.603000	0.007776
0.604000	0.007769
0.605000	0.007761
0.606000	0.007754
0.607000	0.007746
0.608000	0.007738
0.609000	0.007730
0.610000	0.007722
0.611000	0.007714
0.612000	0.007706
0.613000	0.007698
0.614000	0.007690
0.615000	0.007681
0.616000	0.007673
0.617000	0.007664
0.618000	0.007655
0.619000	0.007647
0.620000	0.007638
0.621000	0.007629
0.622000	0.007620
0.623000	0.007610
0.624000	0.007601
0.625000	0.007592
0.626000	0.007582
0.627000	0.007573
0.628000	0.007563
0.629000	0.007554
0.630000	0.007544
0.631000	0.007534
0.632000	0.007524
0.633000	0.007514
0.634000	0.007504
0.635000	0.007494
0.636000	0.007484
0.637000	0.007473
0.638000	0.007463
0.639000	0.007452
0.640000	0.007442
0.641000	0.007431
0.642000	0.007420
0.643000	0.007409
0.644000	0.007398
0.645000	0.007387
0.646000	0.007376
0.647000	0.007365
0.648000	0.007354
0.649000	0.007342
0.650000	0.007331
0.651000	0.007319
0.652000	0.007308
0.653000	0.007296
0.654000	0.007284
0.655000	0.007272
0.656000	0.007261
0.657000	0.007249
0.658000	0.007237
0.659000	0.007224
0.660000	0.007212
0.661000	0.007200
0.662000	0.007187
0.663000	0.007175
0.664000	0.007163
0.665000	0.007150
0.666000	0.007137
0.667000	0.007124
0.668000	0.007112
0.669000	0.007099
0.670000	0.007086
0.671000	0.007073
0.672000	0.007060
0.673000	0.007046
0.674000	0.007033
0.675000	0.007020
0.676000	0.007006
0.677000	0.006993
0.678000	0.006979
0.679000	0.006966
0.680000	0.006952
0.681000	0.006938
0.682000	0.006924
0.683000	0.006910
0.684000	0.006896
0.685000	0.006882
0.686000	0.006868
0.687000	0.006854
0.688000	0.006840
0.689000	0.006825
0.690000	0.006811
0.691000	0.006797
0.692000	0.006782
0.693000	0.006767
0.694000	0.006753
0.695000	0.006738
0.696000	0.006723
0.697000	0.006708
0.698000	0.006693
0.699000	0.006678
0.700000	0.006663
0.701000	0.006648
0.702000	0.006633
0.703000	0.006618
0.704000	0.006602
0.705000	0.006587
0.706000	0.006571
0.707000	0.006556
0.708000	0.006540
0.709000	0.006525
0.710000	0.006509
0.711000	0.006493
0.712000	0.006477
0.713000	0.006461
0.714000	0.006445
0.715000	0.006429
0.716000	0.006413
0.717000	0.006397
0.718000	0.006381
0.719000	0.006365
0.720000	0.006348
0.721000	0.006332
0.722000	0.006316
0.723000	0.006299
0.724000	0.006282
0.725000	0.006266
0.726000	0.006249
0.727000	0.006232
0.728000	0.006216
0.729000	0.006199
0.730000	0.006182
0.731000	0.006165
0.732000	0.006148
0.733000	0.006131
0.734000	0.006114
0.735000	0.006096
0.736000	0.006079
0.737000	0.006062
0.738000	0.006044
0.739000	0.006027
0.740000	0.006010
0.741000	0.005992
0.742000	0.005974
0.743000	0.005957
0.744000	0.005939
0.745000	0.005921
0.746000	0.005904
0.747000	0.005886
0.748000	0.005868
0.749000	0.005850
0.750000	0.005832
0.751000	0.005814
0.752000	0.005796
0.753000	0.005778
0.754000	0.005759
0.755000	0.005741
0.756000	0.005723
0.757000	0.005704
0.758000	0.005686
0.759000	0.005667
0.760000	0.005649
0.761000	0.005630
0.762000	0.005612
0.763000	0.005593
0.764000	0.005574
0.765000	0.005556
0.766000	0.005537
0.767000	0.005518
0.768000	0.005499
0.769000	0.005480
0.770000	0.005461
0.771000	0.005442
0.772000	0.005423
0.773000	0.005404
0.774000	0.005385
0.775000	0.005365
0.776000	0.005346
0.777000	0.005327
0.778000	0.005307
0.779000	0.005288
0.780000	0.005268
0.781000	0.005249
0.782000	0.005229
0.783000	0.005210
0.784000	0.005190
0.785000	0.005170
0.786000	0.005151
0.787000	0.005131
0.788000	0.005111
0.789000	0.005091
0.790000	0.005071
0.791000	0.005051
0.792000	0.005032
0.793000	0.005011
0.794000	0.004991
0.795000	0.004971
0.796000	0.004951
0.797000	0.004931
0.798000	0.004911
0.799000	0.004890
0.800000	0.004870
0.801000	0.004850
0.802000	0.004829
0.803000	0.004809
0.804000	0.004788
0.805000	0.004768
0.806000	0.004747
0.807000	0.004727
0.808000	0.004706
0.809000	0.004686
0.810000	0.004665
0.811000	0.004644
0.812000	0.004623
0.813000	0.004602
0.814000	0.004582
0.815000	0.004561
0.816000	0.004540
0.817000	0.004519
0.818000	0.004498
0.819000	0.004477
0.820000	0.004456
0.821000	0.004435
0.822000	0.004414
0.823000	0.004392
0.824000	0.004371
0.825000	0.004350
0.826000	0.004329
0.827000	0.004307
0.828000	0.004286
0.829000	0.004264
0.830000	0.004243
0.831000	0.004222
0.832000	0.004200
0.833000	0.004179
0.834000	0.004157
0.835000	0.004135
0.836000	0.004114
0.837000	0.004092
0.838000	0.004071
0.839000	0.004049
0.840000	0.004027
0.841000	0.004005
0.842000	0.003983
0.843000	0.003962
0.844000	0.003940
0.845000	0.003918
0.846000	0.003896
0.847000	0.003874
0.848000	0.003852
0.849000	0.003830
0.850000	0.003808
0.851000	0.003786
0.852000	0.003764
0.853000	0.003741
0.854000	0.003719
0.855000	0.003697
0.856000	0.003675
0.857000	0.003653
0.858000	0.003630
0.859000	0.003608
0.860000	0.003586
0.861000	0.003563
0.862000	0.003541
0.863000	0.003518
0.864000	0.003496
0.865000	0.003474
0.866000	0.003451
0.867000	0.003428
0.868000	0.003406
0.869000	0.003383
0.870000	0.003361
0.871000	0.003338
0.872000	0.003315
0.873000	0.003293
0.874000	0.003270
0.875000	0.003247
0.876000	0.003224
0.877000	0.003202
0.878000	0.003179
0.879000	0.003156
0.880000	0.003133
0.881000	0.003110
0.882000	0.003087
0.883000	0.003064
0.884000	0.003041
0.885000	0.003018
0.886000	0.002996
0.887000	0.002972
0.888000	0.002949
0.889000	0.002926
0.890000	0.002903
0.891000	0.002880
0.892000	0.002857
0.893000	0.002834
0.894000	0.002811
0.895000	0.002787
0.896000	0.002764
0.897000	0.002741
0.898000	0.002718
0.899000	0.002694
0.900000	0.002671
0.901000	0.002648
0.902000	0.002625
0.903000	0.002601
0.904000	0.002578
0.905000	0.002554
0.906000	0.002531
0.907000	0.002507
0.908000	0.002484
0.909000	0.002461
0.910000	0.002437
0.911000	0.002414
0.912000	0.002390
0.913000	0.002366
0.914000	0.002343
0.915000	0.002319
0.916000	0.002296
0.917000	0.002272
0.918000	0.002248
0.919000	0.002225
0.920000	0.002201
0.921000	0.002177
0.922000	0.002154
0.923000	0.002130
0.924000	0.002106
0.925000	0.002082
0.926000	0.002059
0.927000	0.002035
0.928000	0.002011
0.929000	0.001987
0.930000	0.001963
0.931000	0.001940
0.932000	0.001916
0.933000	0.001892
0.934000	0.001868
0.935000	0.001844
0.936000	0.001820
0.937000	0.001796
0.938000	0.001772
0.939000	0.001748
0.940000	0.001724
0.941000	0.001700
0.942000	0.001676
0.943000	0.001652
0.944000	0.001628
0.945000	0.001604
0.946000	0.001580
0.947000	0.001556
0.948000	0.001532
0.949000	0.001508
0.950000	0.001484
0.951000	0.001460
0.952000	0.001436
0.953000	0.001411
0.954000	0.001387
0.955000	0.001363
0.956000	0.001339
0.957000	0.001315
0.958000	0.001291
0.959000	0.001266
0.960000	0.001242
0.961000	0.001218
0.962000	0.001194
0.963000	0.001170
0.964000	0.001145
0.965000	0.001121
0.966000	0.001097
0.967000	0.001073
0.968000	0.001048
0.969000	0.001024
0.970000	0.001000
0.971000	0.000975
0.972000	0.000951
0.973000	0.000927
0.974000	0.000902
0.975000	0.000878
0.976000	0.000854
0.977000	0.000829
0.978000	0.000805
0.979000	0.000781
0.980000	0.000756
0.981000	0.000732
0.982000	0.000707
0.983000	0.000683
0.984000	0.000659
0.985000	0.000634
0.986000	0.000610
0.987000	0.000585
0.988000	0.000561
0.989000	0.000537
0.990000	0.000512
0.991000	0.000488
0.992000	0.000463
0.993000	0.000439
0.994000	0.000414
0.995000	0.000390
0.996000	0.000366
0.997000	0.000341
0.998000	0.000317
0.999000	0.000292
1.000000	0.000268
1.001000	0.000243
1.002000	0.000219
1.003000	0.000194
1.004000	0.000170
1.005000	0.000145
1.006000	0.000121
1.007000	0.000096
1.008000	0.000072
1.009000	0.000047
1.010000	0.000023
1.011000	-0.000002
1.012000	-0.000026
1.013000	-0.000051
1.014000	-0.000075
1.015000	-0.000100
1.016000	-0.000124
1.017000	-0.000149
1.018000	-0.000173
1.019000	-0.000198
1.020000	-0.000222
1.021000	-0.000247
1.022000	-0.000271
1.023000	-0.000296
1.024000	-0.000320
1.025000	-0.000345
1.026000	-0.000369
1.027000	-0.000393
1.028000	-0.000418
1.029000	-0.000443
1.030000	-0.000467
1.031000	-0.000491
1.032000	-0.000516
1.033000	-0.000540
1.034000	-0.000565
1.035000	-0.000589
1.036000	-0.000614
1.037000	-0.000638
1.038000	-0.000663
1.039000	-0.000687
1.040000	-0.000712
1.041000	-0.000736
1.042000	-0.000760
1.043000	-0.000785
1.044000	-0.000809
1.045000	-0.000834
1.046000	-0.000858
1.047000	-0.000883
1.048000	-0.000907
1.049000	-0.000932
1.050000	-0.000956
1.051000	-0.000980
1.052000	-0.001005
1.053000	-0.001029
1.054000	-0.001054
1.055000	-0.001078
1.056000	-0.001102
1.057000	-0.001127
1.058000	-0.001151
1.059000	-0.001175
1.060000	-0.001200
1.061000	-0.001224
1.062000	-0.001248
1.063000	-0.001273
1.064000	-0.001297
1.065000	-0.001321
1.066000	-0.001346
1.067000	-0.001370
1.068000	-0.001394
1.069000	-0.001418
1.070000	-0.001443
1.071000	-0.001467
1.072000	-0.001491
1.073000	-0.001516
1.074000	-0.001540
1.075000	-0.001564
1.076000	-0.001588
1.077000	-0.001612
1.078000	-0.001637
1.079000	-0.001661
1.080000	-0.001685
1.081000	-0.001709
1.082000	-0.001733
1.083000	-0.001757
1.084000	-0.001782
1.085000	-0.001806
1.086000	-0.001830
1.087000	-0.001854
1.088000	-0.001878
1.089000	-0.001902
1.090000	-0.001926
1.091000	-0.001950
1.092000	-0.001974
1.093000	-0.001998
1.094000	-0.002022
1.095000	-0.002046
1.096000	-0.002070
1.097000	-0.002094
1.098000	-0.002118
1.099000	-0.002142
1.100000	-0.002166
1.101000	-0.002190
1.102000	-0.002214
1.103000	-0.002238
1.104000	-0.002261
1.105000	-0.002285
1.106000	-0.002309
1.107000	-0.002333
1.108000	-0.002357
1.109000	-0.002381
1.110000	-0.002404
1.111000	-0.002428
1.112000	-0.002452
1.113000	-0.002475
1.114000	-0.002499
1.115000	-0.002523
1.116000	-0.002547
1.117000	-0.002570
1.118000	-0.002594
1.119000	-0.002617
1.120000	-0.002641
1.121000	-0.002665
1.122000	-0.002688
1.123000	-0.002712
1.124000	-0.002735
1.125000	-0.002759
1.126000	-0.002782
1.127000	-0.002806
1.128000	-0.002829
1.129000	-0.002853
1.130000	-0.002876
1.131000	-0.002899
1.132000	-0.002923
1.133000	-0.002946
1.134000	-0.002970
1.135000	-0.002993
1.136000	-0.003016
1.137000	-0.003039
1.138000	-0.003063
1.139000	-0.003086
1.140000	-0.003109
1.141000	-0.003132
1.142000	-0.003155
1.143000	-0.003178
1.144000	-0.003202
1.145000	-0.003225
1.146000	-0.003248
1.147000	-0.003271
1.148000	-0.003294
1.149000	-0.003317
1.150000	-0.003340
1.151000	-0.003363
1.152000	-0.003386
1.153000	-0.003409
1.154000	-0.003432
1.155000	-0.003454
1.156000	-0.003477
1.157000	-0.003500
1.158000	-0.003523
1.159000	-0.003546
1.160000	-0.003568
1.161000	-0.003591
1.162000	-0.003614
1.163000	-0.003636
1.164000	-0.003659
1.165000	-0.003682
1.166000	-0.003704
1.167000	-0.003727
1.168000	-0.003749
1.169000	-0.003772
1.170000	-0.003794
1.171000	-0.003817
1.172000	-0.003839
1.173000	-0.003861
1.174000	-0.003884
1.175000	-0.003906
1.176000	-0.003928
1.177000	-0.003951
1.178000	-0.003973
1.179000	-0.003995
1.180000	-0.004017
1.181000	-0.004039
1.182000	-0.004062
1.183000	-0.004084
1.184000	-0.004106
1.185000	-0.004128
1.186000	-0.004150
1.187000	-0.004172
1.188000	-0.004194
1.189000	-0.004215
1.190000	-0.004237
1.191000	-0.004259
1.192000	-0.004281
1.193000	-0.004303
1.194000	-0.004325
1.195000	-0.004346
1.196000	-0.004368
1.197000	-0.004390
1.198000	-0.004411
1.199000	-0.004433
1.200000	-0.004454
1.201000	-0.004476
1.202000	-0.004497
1.203000	-0.004519
1.204000	-0.004540
1.205000	-0.004561
1.206000	-0.004583
1.207000	-0.004604
1.208000	-0.004625
1.209000	-0.004646
1.210000	-0.004668
1.211000	-0.004689
1.212000	-0.004710
1.213000	-0.004731
1.214000	-0.004752
1.215000	-0.004773
1.216000	-0.004794
1.217000	-0.004815
1.218000	-0.004836
1.219000	-0.004857
1.220000	-0.004877
1.221000	-0.004898
1.222000	-0.004919
1.223000	-0.004940
1.224000	-0.004960
1.225000	-0.004981
1.226000	-0.005001
1.227000	-0.005022
1.228000	-0.005043
1.229000	-0.005063
1.230000	-0.005083
1.231000	-0.005104
1.232000	-0.005124
1.233000	-0.005144
1.234000	-0.005165
1.235000	-0.005185
1.236000	-0.005205
1.237000	-0.005225
1.238000	-0.005245
1.239000	-0.005265
1.240000	-0.005285
1.241000	-0.005305
1.242000	-0.005325
1.243000	-0.005345
1.244000	-0.005365
1.245000	-0.005385
1.246000	-0.005404
1.247000	-0.005424
1.248000	-0.005444
1.249000	-0.005463
1.250000	-0.005483
1.251000	-0.005502
1.252000	-0.005522
1.253000	-0.005541
1.254000	-0.005561
1.255000	-0.005580
1.256000	-0.005599
1.257000	-0.005618
1.258000	-0.005638
1.259000	-0.005657
1.260000	-0.005676
1.261000	-0.005695
1.262000	-0.005714
1.263000	-0.005733
1.264000	-0.005752
1.265000	-0.005770
1.266000	-0.005789
1.267000	-0.005808
1.268000	-0.005827
1.269000	-0.005845
1.270000	-0.005864
1.271000	-0.005882
1.272000	-0.005901
1.273000	-0.005919
1.274000	-0.005938
1.275000	-0.005956
1.276000	-0.005974
1.277000	-0.005993
1.278000	-0.006011
1.279000	-0.006029
1.280000	-0.006047
1.281000	-0.006065
1.282000	-0.006083
1.283000	-0.006101
1.284000	-0.006119
1.285000	-0.006137
1.286000	-0.006154
1.287000	-0.006172
1.288000	-0.006190
1.289000	-0.006207
1.290000	-0.006225
1.291000	-0.006242
1.292000	-0.006260
1.293000	-0.006277
1.294000	-0.006294
1.295000	-0.006311
1.296000	-0.006329
1.297000	-0.006346
1.298000	-0.006363
1.299000	-0.006380
1.300000	-0.006397
1.301000	-0.006414
1.302000	-0.006431
1.303000	-0.006447
1.304000	-0.006464
1.305000	-0.006481
1.306000	-0.006497
1.307000	-0.006514
1.308000	-0.006530
1.309000	-0.006547
1.310000	-0.006563
1.311000	-0.006579
1.312000	-0.006596
1.313000	-0.006612
1.314000	-0.006628
1.315000	-0.006644
1.316000	-0.006660
1.317000	-0.006676
1.318000	-0.006692
1.319000	-0.006707
1.320000	-0.006723
1.321000	-0.006739
1.322000	-0.006754
1.323000	-0.006770
1.324000	-0.006785
1.325000	-0.006801
1.326000	-0.006816
1.327000	-0.006831
1.328000	-0.006847
1.329000	-0.006862
1.330000	-0.006877
1.331000	-0.006892
1.332000	-0.006907
1.333000	-0.006922
1.334000	-0.006936
1.335000	-0.006951
1.336000	-0.006966
1.337000	-0.006980
1.338000	-0.006995
1.339000	-0.007009
1.340000	-0.007024
1.341000	-0.007038
1.342000	-0.007052
1.343000	-0.007066
1.344000	-0.007081
1.345000	-0.007095
1.346000	-0.007109
1.347000	-0.007122
1.348000	-0.007136
1.349000	-0.007150
1.350000	-0.007164
1.351000	-0.007177
1.352000	-0.007191
1.353000	-0.007204
1.354000	-0.007218
1.355000	-0.007231
1.356000	-0.007244
1.357000	-0.007257
1.358000	-0.007270
1.359000	-0.007283
1.360000	-0.007296
1.361000	-0.007309
1.362000	-0.007322
1.363000	-0.007335
1.364000	-0.007347
1.365000	-0.007360
1.366000	-0.007372
1.367000	-0.007384
1.368000	-0.007397
1.369000	-0.007409
1.370000	-0.007421
1.371000	-0.007433
1.372000	-0.007445
1.373000	-0.007457
1.374000	-0.007469
1.375000	-0.007481
1.376000	-0.007492
1.377000	-0.007504
1.378000	-0.007515
1.379000	-0.007527
1.380000	-0.007538
1.381000	-0.007549
1.382000	-0.007560
1.383000	-0.007572
1.384000	-0.007583
1.385000	-0.007594
1.386000	-0.007604
1.387000	-0.007615
1.388000	-0.007626
1.389000	-0.007636
1.390000	-0.007647
1.391000	-0.007657
1.392000	-0.007667
1.393000	-0.007678
1.394000	-0.007688
1.395000	-0.007698
1.396000	-0.007708
1.397000	-0.007718
1.398000	-0.007728
1.399000	-0.007737
1.400000	-0.007747
1.401000	-0.007756
1.402000	-0.007766
1.403000	-0.007775
1.404000	-0.007784
1.405000	-0.007793
1.406000	-0.007803
1.407000	-0.007811
1.408000	-0.007820
1.409000	-0.007829
1.410000	-0.007838
1.411000	-0.007846
1.412000	-0.007855
1.413000	-0.007863
1.414000	-0.007872
1.415000	-0.007880
1.416000	-0.007888
1.417000	-0.007896
1.418000	-0.007904
1.419000	-0.007912
1.420000	-0.007920
1.421000	-0.007927
1.422000	-0.007935
1.423000	-0.007942
1.424000	-0.007950
1.425000	-0.007957
1.426000	-0.007964
1.427000	-0.007971
1.428000	-0.007978
1.429000	-0.007985
1.430000	-0.007992
1.431000	-0.007998
1.432000	-0.008005
1.433000	-0.008011
1.434000	-0.008018
1.435000	-0.008024
1.436000	-0.008030
1.437000	-0.008036
1.438000	-0.008042
1.439000	-0.008048
1.440000	-0.008054
1.441000	-0.008059
1.442000	-0.008065
1.443000	-0.008070
1.444000	-0.008076
1.445000	-0.008081
1.446000	-0.008086
1.447000	-0.008091
1.448000	-0.008096
1.449000	-0.008101
1.450000	-0.008105
1.451000	-0.008110
1.452000	-0.008115
1.453000	-0.008119
1.454000	-0.008123
1.455000	-0.008127
1.456000	-0.008131
1.457000	-0.008135
1.458000	-0.008139
1.459000	-0.008143
1.460000	-0.008146
1.461000	-0.008150
1.462000	-0.008153
1.463000	-0.008157
1.464000	-0.008160
1.465000	-0.008163
1.466000	-0.008166
1.467000	-0.008168
1.468000	-0.008171
1.469000	-0.008174
1.470000	-0.008176
1.471000	-0.008178
1.472000	-0.008181
1.473000	-0.008183
1.474000	-0.008185
1.475000	-0.008187
1.476000	-0.008189
1.477000	-0.008190
1.478000	-0.008192
1.479000	-0.008193
1.480000	-0.008194
1.481000	-0.008196
1.482000	-0.008197
1.483000	-0.008198
1.484000	-0.008198
1.485000	-0.008199
1.486000	-0.008200
1.487000	-0.008200
1.488000	-0.008201
1.489000	-0.008201
1.490000	-0.008201
1.491000	-0.008201
1.492000	-0.008201
1.493000	-0.008200
1.494000	-0.008200
1.495000	-0.008199
1.496000	-0.008199
1.497000	-0.008198
1.498000	-0.008197
1.499000	-0.008196
1.500000	-0.008195
1.501000	-0.008194
1.502000	-0.008192
1.503000	-0.008191
1.504000	-0.008189
1.505000	-0.008187
1.506000	-0.008186
1.507000	-0.008183
1.508000	-0.008181
1.509000	-0.008179
1.510000	-0.008177
1.511000	-0.008174
1.512000	-0.008171
1.513000	-0.008169
1.514000	-0.008166
1.515000	-0.008162
1.516000	-0.008159
1.517000	-0.008156
1.518000	-0.008152
1.519000	-0.008149
1.520000	-0.008145
1.521000	-0.008141
1.522000	-0.008137
1.523000	-0.008133
1.524000	-0.008129
1.525000	-0.008124
1.526000	-0.008120
1.527000	-0.008115
1.528000	-0.008110
1.529000	-0.008106
1.530000	-0.008100
1.531000	-0.008095
1.532000	-0.008090
1.533000	-0.008084
1.534000	-0.008079
1.535000	-0.008073
1.536000	-0.008067
1.537000	-0.008061
1.538000	-0.008055
1.539000	-0.008048
1.540000	-0.008042
1.541000	-0.008035
1.542000	-0.008029
1.543000	-0.008022
1.544000	-0.008015
1.545000	-0.008008
1.546000	-0.008000
1.547000	-0.007993
1.548000	-0.007985
1.549000	-0.007978
1.550000	-0.007970
1.551000	-0.007962
1.552000	-0.007953
1.553000	-0.007945
1.554000	-0.007937
1.555000	-0.007928
1.556000	-0.007919
1.557000	-0.007910
1.558000	-0.007901
1.559000	-0.007892
1.560000	-0.007883
1.561000	-0.007873
1.562000	-0.007864
1.563000	-0.007854
1.564000	-0.007844
1.565000	-0.007834
1.566000	-0.007824
1.567000	-0.007814
1.568000	-0.007803
1.569000	-0.007792
1.570000	-0.007782
1.571000	-0.007771
1.572000	-0.007760
1.573000	-0.007748
1.574000	-0.007737
1.575000	-0.007725
1.576000	-0.007714
1.577000	-0.007702
1.578000	-0.007690
1.579000	-0.007678
1.580000	-0.007666
1.581000	-0.007653
1.582000	-0.007640
1.583000	-0.007628
1.584000	-0.007615
1.585000	-0.007602
1.586000	-0.007589
1.587000	-0.007575
1.588000	-0.007562
1.589000	-0.007548
1.590000	-0.007534
1.591000	-0.007520
1.592000	-0.007506
1.593000	-0.007492
1.594000	-0.007478
1.595000	-0.007463
1.596000	-0.007448
1.597000	-0.007433
1.598000	-0.007418
1.599000	-0.007403
1.600000	-0.007388
1.601000	-0.007372
1.602000	-0.007357
1.603000	-0.007341
1.604000	-0.007325
1.605000	-0.007309
1.606000	-0.007293
1.607000	-0.007276
1.608000	-0.007259
1.609000	-0.007243
1.610000	-0.007226
1.611000	-0.007209
1.612000	-0.007192
1.613000	-0.007174
1.614000	-0.007157
1.615000	-0.007139
1.616000	-0.007121
1.617000	-0.007103
1.618000	-0.007085
1.619000	-0.007067
1.620000	-0.007048
1.621000	-0.007030
1.622000	-0.007011
1.623000	-0.006992
1.624000	-0.006973
1.625000	-0.006954
1.626000	-0.006934
1.627000	-0.006915
1.628000	-0.006895
1.629000	-0.006875
1.630000	-0.006855
1.631000	-0.006835
1.632000	-0.006815
1.633000	-0.006794
1.634000	-0.006774
1.635000	-0.006753
1.636000	-0.006732
1.637000	-0.006711
1.638000	-0.006690
1.639000	-0.006668
1.640000	-0.006647
1.641000	-0.006625
1.642000	-0.006603
1.643000	-0.006581
1.644000	-0.006559
1.645000	-0.006537
1.646000	-0.006514
1.647000	-0.006492
1.648000	-0.006469
1.649000	-0.006446
1.650000	-0.006423
1.651000	-0.006400
1.652000	-0.006376
1.653000	-0.006353
1.654000	-0.006329
1.655000	-0.006305
1.656000	-0.006281
1.657000	-0.006257
1.658000	-0.006233
1.659000	-0.006208
1.660000	-0.006184
1.661000	-0.006159
1.662000	-0.006134
1.663000	-0.006109
1.664000	-0.006084
1.665000	-0.006058
1.666000	-0.006033
1.667000	-0.006007
1.668000	-0.005981
1.669000	-0.005955
1.670000	-0.005929
1.671000	-0.005903
1.672000	-0.005877
1.673000	-0.005850
1.674000	-0.005824
1.675000	-0.005797
1.676000	-0.005770
1.677000	-0.005743
1.678000	-0.005715
1.679000	-0.005688
1.680000	-0.005661
1.681000	-0.005633
1.682000	-0.005605
1.683000	-0.005577
1.684000	-0.005549
1.685000	-0.005521
1.686000	-0.005492
1.687000	-0.005464
1.688000	-0.005435
1.689000	-0.005406
1.690000	-0.005377
1.691000	-0.005348
1.692000	-0.005319
1.693000	-0.005290
1.694000	-0.005260
1.695000	-0.005231
1.696000	-0.005201
1.697000	-0.005171
1.698000	-0.005141
1.699000	-0.005111
1.700000	-0.005081
1.701000	-0.005050
1.702000	-0.005020
1.703000	-0.004989
1.704000	-0.004958
1.705000	-0.004928
1.706000	-0.004897
1.707000	-0.004865
1.708000	-0.004834
1.709000	-0.004803
1.710000	-0.004771
1.711000	-0.004740
1.712000	-0.004708
1.713000	-0.004676
1.714000	-0.004644
1.715000	-0.004612
1.716000	-0.004580
1.717000	-0.004547
1.718000	-0.004515
1.719000	-0.004482
1.720000	-0.004449
1.721000	-0.004417
1.722000	-0.004384
1.723000	-0.004351
1.724000	-0.004318
1.725000	-0.004284
1.726000	-0.004251
1.727000	-0.004218
1.728000	-0.004184
1.729000	-0.004150
1.730000	-0.004117
1.731000	-0.004083
1.732000	-0.004049
1.733000	-0.004015
1.734000	-0.003981
1.735000	-0.003946
1.736000	-0.003912
1.737000	-0.003877
1.738000	-0.003843
1.739000	-0.003808
1.740000	-0.003774
1.741000	-0.003739
1.742000	-0.003704
1.743000	-0.003669
1.744000	-0.003634
1.745000	-0.003599
1.746000	-0.003563
1.747000	-0.003528
1.748000	-0.003493
1.749000	-0.003457
1.750000	-0.003422
1.751000	-0.003386
1.752000	-0.003350
1.753000	-0.003315
1.754000	-0.003279
1.755000	-0.003243
1.756000	-0.003207
1.757000	-0.003171
1.758000	-0.003135
1.759000	-0.003098
1.760000	-0.003062
1.761000	-0.003026
1.762000	-0.002990
1.763000	-0.002953
1.764000	-0.002917
1.765000	-0.002880
1.766000	-0.002844
1.767000	-0.002807
1.768000	-0.002770
1.769000	-0.002734
1.770000	-0.002697
1.771000	-0.002660
1.772000	-0.002623
1.773000	-0.002586
1.774000	-0.002549
1.775000	-0.002512
1.776000	-0.002475
1.777000	-0.002438
1.778000	-0.002401
1.779000	-0.002364
1.780000	-0.002327
1.781000	-0.002290
1.782000	-0.002252
1.783000	-0.002215
1.784000	-0.002178
1.785000	-0.002141
1.786000	-0.002103
1.787000	-0.002066
1.788000	-0.002029
1.789000	-0.001991
1.790000	-0.001954
1.791000	-0.001917
1.792000	-0.001879
1.793000	-0.001842
1.794000	-0.001805
1.795000	-0.001767
1.796000	-0.001730
1.797000	-0.001692
1.798000	-0.001655
1.799000	-0.001618
1.800000	-0.001580
1.801000	-0.001543
1.802000	-0.001506
1.803000	-0.001468
1.804000	-0.001431
1.805000	-0.001394
1.806000	-0.001356
1.807000	-0.001319
1.808000	-0.001282
1.809000	-0.001245
1.810000	-0.001208
1.811000	-0.001170
1.812000	-0.001133
1.813000	-0.001096
1.814000	-0.001059
1.815000	-0.001022
1.816000	-0.000985
1.817000	-0.000948
1.818000	-0.000911
1.819000	-0.000875
1.820000	-0.000838
1.821000	-0.000801
1.822000	-0.000764
1.823000	-0.000728
1.824000	-0.000691
1.825000	-0.000655
1.826000	-0.000618
1.827000	-0.000582
1.828000	-0.000546
1.829000	-0.000509
1.830000	-0.000473
1.831000	-0.000437
1.832000	-0.000401
1.833000	-0.000365
1.834000	-0.000329
1.835000	-0.000293
1.836000	-0.000258
1.837000	-0.000222
1.838000	-0.000186
1.839000	-0.000151
1.840000	-0.000116
1.841000	-0.000080
1.842000	-0.000045
1.843000	-0.000010
1.844000	0.000025
1.845000	0.000060
1.846000	0.000095
1.847000	0.000129
1.848000	0.000164
1.849000	0.000198
1.850000	0.000233
1.851000	0.000267
1.852000	0.000301
1.853000	0.000335
1.854000	0.000369
1.855000	0.000403
1.856000	0.000436
1.857000	0.000470
1.858000	0.000503
1.859000	0.000536
1.860000	0.000569
1.861000	0.000602
1.862000	0.000635
1.863000	0.000668
1.864000	0.000700
1.865000	0.000733
1.866000	0.000765
1.867000	0.000797
1.868000	0.000829
1.869000	0.000861
1.870000	0.000893
1.871000	0.000924
1.872000	0.000955
1.873000	0.000987
1.874000	0.001018
1.875000	0.001048
1.876000	0.001079
1.877000	0.001110
1.878000	0.001140
1.879000	0.001170
1.880000	0.001200
1.881000	0.001230
1.882000	0.001260
1.883000	0.001289
1.884000	0.001319
1.885000	0.001348
1.886000	0.001377
1.887000	0.001405
1.888000	0.001434
1.889000	0.001462
1.890000	0.001490
1.891000	0.001518
1.892000	0.001546
1.893000	0.001574
1.894000	0.001601
1.895000	0.001628
1.896000	0.001655
1.897000	0.001682
1.898000	0.001709
1.899000	0.001735
1.900000	0.001761
1.901000	0.001787
1.902000	0.001813
1.903000	0.001838
1.904000	0.001864
1.905000	0.001889
1.906000	0.001913
1.907000	0.001938
1.908000	0.001963
1.909000	0.001987
1.910000	0.002011
1.911000	0.002034
1.912000	0.002058
1.913000	0.002081
1.914000	0.002104
1.915000	0.002127
1.916000	0.002150
1.917000	0.002172
1.918000	0.002194
1.919000	0.002216
1.920000	0.002238
1.921000	0.002259
1.922000	0.002280
1.923000	0.002301
1.924000	0.002322
1.925000	0.002342
1.926000	0.002362
1.927000	0.002382
1.928000	0.002402
1.929000	0.002421
1.930000	0.002440
1.931000	0.002459
1.932000	0.002478
1.933000	0.002496
1.934000	0.002514
1.935000	0.002532
1.936000	0.002550
1.937000	0.002567
1.938000	0.002584
1.939000	0.002601
1.940000	0.002618
1.941000	0.002634
1.942000	0.002650
1.943000	0.002666
1.944000	0.002681
1.945000	0.002696
1.946000	0.002711
1.947000	0.002726
1.948000	0.002741
1.949000	0.002755
1.950000	0.002769
1.951000	0.002782
1.952000	0.002795
1.953000	0.002809
1.954000	0.002821
1.955000	0.002834
1.956000	0.002846
1.957000	0.002858
1.958000	0.002870
1.959000	0.002881
1.960000	0.002892
1.961000	0.002903
1.962000	0.002914
1.963000	0.002924
1.964000	0.002934
1.965000	0.002944
1.966000	0.002953
1.967000	0.002962
1.968000	0.002971
1.969000	0.002980
1.970000	0.002988
1.971000	0.002996
1.972000	0.003004
1.973000	0.003011
1.974000	0.003018
1.975000	0.003025
1.976000	0.003032
1.977000	0.003038
1.978000	0.003044
1.979000	0.003050
1.980000	0.003055
1.981000	0.003061
1.982000	0.003066
1.983000	0.003070
1.984000	0.003074
1.985000	0.003079
1.986000	0.003082
1.987000	0.003086
1.988000	0.003089
1.989000	0.003092
1.990000	0.003095
1.991000	0.003097
1.992000	0.003099
1.993000	0.003101
1.994000	0.003102
1.995000	0.003103
1.996000	0.003104
1.997000	0.003105
1.998000	0.003105
1.999000	0.003105
2.000000	0.003105
2.001000	0.003104
2.002000	0.003104
2.003000	0.003103
2.004000	0.003101
2.005000	0.003100
2.006000	0.003098
2.007000	0.003095
2.008000	0.003093
2.009000	0.003090
2.010000	0.003087
2.011000	0.003084
2.012000	0.003081
2.013000	0.003077
2.014000	0.003073
2.015000	0.003068
2.016000	0.003064
2.017000	0.003059
2.018000	0.003053
2.019000	0.003048
2.020000	0.003042
2.021000	0.003036
2.022000	0.003029
2.023000	0.003023
2.024000	0.003016
2.025000	0.003008
2.026000	0.003001
2.027000	0.002993
2.028000	0.002985
2.029000	0.002977
2.030000	0.002969
2.031000	0.002960
2.032000	0.002952
2.033000	0.002942
2.034000	0.002933
2.035000	0.002923
2.036000	0.002913
2.037000	0.002903
2.038000	0.002892
2.039000	0.002881
2.040000	0.002870
2.041000	0.002859
2.042000	0.002847
2.043000	0.002835
2.044000	0.002822
2.045000	0.002810
2.046000	0.002797
2.047000	0.002784
2.048000	0.002771
2.049000	0.002758
2.050000	0.002745
2.051000	0.002731
2.052000	0.002717
2.053000	0.002703
2.054000	0.002689
2.055000	0.002675
2.056000	0.002660
2.057000	0.002645
2.058000	0.002629
2.059000	0.002613
2.060000	0.002597
2.061000	0.002580
2.062000	0.002563
2.063000	0.002546
2.064000	0.002529
2.065000	0.002511
2.066000	0.002494
2.067000	0.002476
2.068000	0.002458
2.069000	0.002440
2.070000	0.002422
2.071000	0.002404
2.072000	0.002386
2.073000	0.002368
2.074000	0.002349
2.075000	0.002330
2.076000	0.002311
2.077000	0.002292
2.078000	0.002272
2.079000	0.002252
2.080000	0.002231
2.081000	0.002210
2.082000	0.002188
2.083000	0.002167
2.084000	0.002145
2.085000	0.002123
2.086000	0.002100
2.087000	0.002078
2.088000	0.002056
2.089000	0.002034
2.090000	0.002012
2.091000	0.001990
2.092000	0.001968
2.093000	0.001945
2.094000	0.001923
2.095000	0.001901
2.096000	0.001878
2.097000	0.001855
2.098000	0.001831
2.099000	0.001807
2.100000	0.001783
2.101000	0.001758
2.102000	0.001733
2.103000	0.001707
2.104000	0.001681
2.105000	0.001655
2.106000	0.001629
2.107000	0.001603
2.108000	0.001577
2.109000	0.001552
2.110000	0.001526
2.111000	0.001500
2.112000	0.001475
2.113000	0.001449
2.114000	0.001424
2.115000	0.001398
2.116000	0.001372
2.117000	0.001345
2.118000	0.001318
2.119000	0.001291
2.120000	0.001264
2.121000	0.001236
2.122000	0.001208
2.123000	0.001179
2.124000	0.001150
2.125000	0.001122
2.126000	0.001093
2.127000	0.001064
2.128000	0.001035
2.129000	0.001006
2.130000	0.000977
2.131000	0.000949
2.132000	0.000920
2.133000	0.000892
2.134000	0.000863
2.135000	0.000834
2.136000	0.000805
2.137000	0.000776
2.138000	0.000747
2.139000	0.000717
2.140000	0.000687
2.141000	0.000657
2.142000	0.000626
2.143000	0.000596
2.144000	0.000565
2.145000	0.000534
2.146000	0.000503
2.147000	0.000472
2.148000	0.000441
2.149000	0.000410
2.150000	0.000379
2.151000	0.000348
2.152000	0.000317
2.153000	0.000286
2.154000	0.000255
2.155000	0.000224
2.156000	0.000193
2.157000	0.000162
2.158000	0.000130
2.159000	0.000098
2.160000	0.000067
2.161000	0.000035
2.162000	0.000003
2.163000	-0.000030
2.164000	-0.000062
2.165000	-0.000094
2.166000	-0.000127
2.167000	-0.000159
2.168000	-0.000192
2.169000	-0.000224
2.170000	-0.000257
2.171000	-0.000289
2.172000	-0.000322
2.173000	-0.000354
2.174000	-0.000387
2.175000	-0.000420
2.176000	-0.000452
2.177000	-0.000485
2.178000	-0.000518
2.179000	-0.000551
2.180000	-0.000584
2.181000	-0.000617
2.182000	-0.000650
2.183000	-0.000684
2.184000	-0.000717
2.185000	-0.000750
2.186000	-0.000783
2.187000	-0.000817
2.188000	-0.000850
2.189000	-0.000884
2.190000	-0.000917
2.191000	-0.000950
2.192000	-0.000984
2.193000	-0.001017
2.194000	-0.001051
2.195000	-0.001084
2.196000	-0.001118
2.197000	-0.001152
2.198000	-0.001185
2.199000	-0.001219
2.200000	-0.001252
2.201000	-0.001286
2.202000	-0.001320
2.203000	-0.001353
2.204000	-0.001387
2.205000	-0.001421
2.206000	-0.001455
2.207000	-0.001488
2.208000	-0.001522
2.209000	-0.001556
2.210000	-0.001589
2.211000	-0.001623
2.212000	-0.001657
2.213000	-0.001691
2.214000	-0.001724
2.215000	-0.001758
2.216000	-0.001792
2.217000	-0.001826
2.218000	-0.001859
2.219000	-0.001893
2.220000	-0.001927
2.221000	-0.001960
2.222000	-0.001994
2.223000	-0.002027
2.224000	-0.002061
2.225000	-0.002095
2.226000	-0.002128
2.227000	-0.002162
2.228000	-0.002195
2.229000	-0.002229
2.230000	-0.002262
2.231000	-0.002296
2.232000	-0.002329
2.233000	-0.002363
2.234000	-0.002396
2.235000	-0.002429
2.236000	-0.002463
2.237000	-0.002496
2.238000	-0.002529
2.239000	-0.002562
2.240000	-0.002596
2.241000	-0.002629
2.242000	-0.002662
2.243000	-0.002695
2.244000	-0.002728
2.245000	-0.002761
2.246000	-0.002794
2.247000	-0.002827
2.248000	-0.002859
2.249000	-0.002892
2.250000	-0.002925
2.251000	-0.002958
2.252000	-0.002990
2.253000	-0.003023
2.254000	-0.003055
2.255000	-0.003088
2.256000	-0.003120
2.257000	-0.003153
2.258000	-0.003185
2.259000	-0.003217
2.260000	-0.003249
2.261000	-0.003282
2.262000	-0.003314
2.263000	-0.003346
2.264000	-0.003378
2.265000	-0.003410
2.266000	-0.003441
2.267000	-0.003473
2.268000	-0.003505
2.269000	-0.003536
2.270000	-0.003568
2.271000	-0.003599
2.272000	-0.003631
2.273000	-0.003662
2.274000	-0.003693
2.275000	-0.003725
2.276000	-0.003756
2.277000	-0.003787
2.278000	-0.003818
2.279000	-0.003849
2.280000	-0.003880
2.281000	-0.003910
2.282000	-0.003941
2.283000	-0.003971
2.284000	-0.004002
2.285000	-0.004032
2.286000	-0.004063
2.287000	-0.004093
2.288000	-0.004123
2.289000	-0.004153
2.290000	-0.004183
2.291000	-0.004213
2.292000	-0.004243
2.293000	-0.004273
2.294000	-0.004302
2.295000	-0.004332
2.296000	-0.004361
2.297000	-0.004391
2.298000	-0.004420
2.299000	-0.004449
2.300000	-0.004478
2.301000	-0.004507
2.302000	-0.004536
2.303000	-0.004565
2.304000	-0.004594
2.305000	-0.004622
2.306000	-0.004651
2.307000	-0.004679
2.308000	-0.004707
2.309000	-0.004736
2.310000	-0.004764
2.311000	-0.004792
2.312000	-0.004820
2.313000	-0.004847
2.314000	-0.004875
2.315000	-0.004903
2.316000	-0.004930
2.317000	-0.004958
2.318000	-0.004985
2.319000	-0.005012
2.320000	-0.005039
2.321000	-0.005066
2.322000	-0.005093
2.323000	-0.005120
2.324000	-0.005146
2.325000	-0.005173
2.326000	-0.005199
2.327000	-0.005226
2.328000	-0.005252
2.329000	-0.005278
2.330000	-0.005304
2.331000	-0.005330
2.332000	-0.005355
2.333000	-0.005381
2.334000	-0.005407
2.335000	-0.005432
2.336000	-0.005457
2.337000	-0.005482
2.338000	-0.005508
2.339000	-0.005532
2.340000	-0.005557
2.341000	-0.005582
2.342000	-0.005607
2.343000	-0.005631
2.344000	-0.005655
2.345000	-0.005680
2.346000	-0.005704
2.347000	-0.005728
2.348000	-0.005752
2.349000	-0.005775
2.350000	-0.005799
2.351000	-0.005823
2.352000	-0.005846
2.353000	-0.005869
2.354000	-0.005892
2.355000	-0.005915
2.356000	-0.005938
2.357000	-0.005961
2.358000	-0.005984
2.359000	-0.006006
2.360000	-0.006029
2.361000	-0.006051
2.362000	-0.006073
2.363000	-0.006095
2.364000	-0.006117
2.365000	-0.006139
2.366000	-0.006160
2.367000	-0.006182
2.368000	-0.006203
2.369000	-0.006225
2.370000	-0.006246
2.371000	-0.006267
2.372000	-0.006288
2.373000	-0.006309
2.374000	-0.006329
2.375000	-0.006350
2.376000	-0.006370
2.377000	-0.006390
2.378000	-0.006411
2.379000	-0.006431
2.380000	-0.006450
2.381000	-0.006470
2.382000	-0.006490
2.383000	-0.006509
2.384000	-0.006529
2.385000	-0.006548
2.386000	-0.006567
2.387000	-0.006586
2.388000	-0.006605
2.389000	-0.006623
2.390000	-0.006642
2.391000	-0.006660
2.392000	-0.006679
2.393000	-0.006697
2.394000	-0.006715
2.395000	-0.006733
2.396000	-0.006751
2.397000	-0.006768
2.398000	-0.006786
2.399000	-0.006803
2.400000	-0.006821
2.401000	-0.006838
2.402000	-0.006855
2.403000	-0.006872
2.404000	-0.006888
2.405000	-0.006905
2.406000	-0.006921
2.407000	-0.006938
2.408000	-0.006954
2.409000	-0.006970
2.410000	-0.006986
2.411000	-0.007002
2.412000	-0.007017
2.413000	-0.007033
2.414000	-0.007048
2.415000	-0.007064
2.416000	-0.007079
2.417000	-0.007094
2.418000	-0.007109
2.419000	-0.007123
2.420000	-0.007138
2.421000	-0.007152
2.422000	-0.007167
2.423000	-0.007181
2.424000	-0.007195
2.425000	-0.007209
2.426000	-0.007223
2.427000	-0.007237
2.428000	-0.007250
2.429000	-0.007264
2.430000	-0.007277
2.431000	-0.007290
2.432000	-0.007303
2.433000	-0.007316
2.434000	-0.007329
2.435000	-0.007341
2.436000	-0.007354
2.437000	-0.007366
2.438000	-0.007378
2.439000	-0.007391
2.440000	-0.007403
2.441000	-0.007414
2.442000	-0.007426
2.443000	-0.007438
2.444000	-0.007449
2.445000	-0.007460
2.446000	-0.007472
2.447000	-0.007483
2.448000	-0.007494
2.449000	-0.007504
2.450000	-0.007515
2.451000	-0.007526
2.452000	-0.007536
2.453000	-0.007546
2.454000	-0.007556
2.455000	-0.007566
2.456000	-0.007576
2.457000	-0.007586
2.458000	-0.007596
2.459000	-0.007605
2.460000	-0.007614
2.461000	-0.007624
2.462000	-0.007633
2.463000	-0.007642
2.464000	-0.007651
2.465000	-0.007659
2.466000	-0.007668
2.467000	-0.007676
2.468000	-0.007685
2.469000	-0.007693
2.470000	-0.007701
2.471000	-0.007709
2.472000	-0.007717
2.473000	-0.007724
2.474000	-0.007732
2.475000	-0.007739
2.476000	-0.007747
2.477000	-0.007754
2.478000	-0.007761
2.479000	-0.007768
2.480000	-0.007774
2.481000	-0.007781
2.482000	-0.007788
2.483000	-0.007794
2.484000	-0.007800
2.485000	-0.007807
2.486000	-0.007813
2.487000	-0.007819
2.488000	-0.007824
2.489000	-0.007830
2.490000	-0.007836
2.491000	-0.007841
2.492000	-0.007846
2.493000	-0.007851
2.494000	-0.007856
2.495000	-0.007861
2.496000	-0.007866
2.497000	-0.007871
2.498000	-0.007875
2.499000	-0.007880
2.500000	-0.007884
2.501000	-0.007888
2.502000	-0.007892
2.503000	-0.007896
2.504000	-0.007900
2.505000	-0.007904
2.506000	-0.007907
2.507000	-0.007911
2.508000	-0.007914
2.509000	-0.007917
2.510000	-0.007920
2.511000	-0.007923
2.512000	-0.007926
2.513000	-0.007929
2.514000	-0.007932
2.515000	-0.007934
2.516000	-0.007937
2.517000	-0.007939
2.518000	-0.007941
2.519000	-0.007943
2.520000	-0.007945
2.521000	-0.007947
2.522000	-0.007948
2.523000	-0.007950
2.524000	-0.007951
2.525000	-0.007953
2.526000	-0.007954
2.527000	-0.007955
2.528000	-0.007956
2.529000	-0.007957
2.530000	-0.007957
2.531000	-0.007958
2.532000	-0.007959
2.533000	-0.007959
2.534000	-0.007959
2.535000	-0.007959
2.536000	-0.007960
2.537000	-0.007959
2.538000	-0.007959
2.539000	-0.007959
2.540000	-0.007959
2.541000	-0.007958
2.542000	-0.007957
2.543000	-0.007957
2.544000	-0.007956
2.545000	-0.007955
2.546000	-0.007954
2.547000	-0.007953
2.548000	-0.007951
2.549000	-0.007950
2.550000	-0.007949
2.551000	-0.007947
2.552000	-0.007945
2.553000	-0.007943
2.554000	-0.007941
2.555000	-0.007939
2.556000	-0.007937
2.557000	-0.007935
2.558000	-0.007933
2.559000	-0.007930
2.560000	-0.007928
2.561000	-0.007925
2.562000	-0.007922
2.563000	-0.007919
2.564000	-0.007916
2.565000	-0.007913
2.566000	-0.007910
2.567000	-0.007906
2.568000	-0.007903
2.569000	-0.007899
2.570000	-0.007896
2.571000	-0.007892
2.572000	-0.007888
2.573000	-0.007884
2.574000	-0.007880
2.575000	-0.007876
2.576000	-0.007872
2.577000	-0.007867
2.578000	-0.007863
2.579000	-0.007858
2.580000	-0.007854
2.581000	-0.007849
2.582000	-0.007844
2.583000	-0.007839
2.584000	-0.007834
2.585000	-0.007829
2.586000	-0.007824
2.587000	-0.007818
2.588000	-0.007813
2.589000	-0.007807
2.590000	-0.007802
2.591000	-0.007796
2.592000	-0.007790
2.593000	-0.007784
2.594000	-0.007778
2.595000	-0.007772
2.596000	-0.007765
2.597000	-0.007759
2.598000	-0.007753
2.599000	-0.007746
2.600000	-0.007740
2.601000	-0.007733
2.602000	-0.007726
2.603000	-0.007719
2.604000	-0.007712
2.605000	-0.007705
2.606000	-0.007698
2.607000	-0.007691
2.608000	-0.007683
2.609000	-0.007676
2.610000	-0.007668
2.611000	-0.007660
2.612000	-0.007653
2.613000	-0.007645
2.614000	-0.007637
2.615000	-0.007629
2.616000	-0.007621
2.617000	-0.007613
2.618000	-0.007604
2.619000	-0.007596
2.620000	-0.007587
2.621000	-0.007579
2.622000	-0.007570
2.623000	-0.007561
2.624000	-0.007553
2.625000	-0.007544
2.626000	-0.007535
2.627000	-0.007526
2.628000	-0.007516
2.629000	-0.007507
2.630000	-0.007498
2.631000	-0.007488
2.632000	-0.007479
2.633000	-0.007469
2.634000	-0.007460
2.635000	-0.007450
2.636000	-0.007440
2.637000	-0.007430
2.638000	-0.007420
2.639000	-0.007410
2.640000	-0.007400
2.641000	-0.007389
2.642000	-0.007379
2.643000	-0.007368
2.644000	-0.007358
2.645000	-0.007347
2.646000	-0.007337
2.647000	-0.007326
2.648000	-0.007315
2.649000	-0.007304
2.650000	-0.007293
2.651000	-0.007282
2.652000	-0.007271
2.653000	-0.007259
2.654000	-0.007248
2.655000	-0.007237
2.656000	-0.007225
2.657000	-0.007214
2.658000	-0.007202
2.659000	-0.007190
2.660000	-0.007178
2.661000	-0.007166
2.662000	-0.007154
2.663000	-0.007142
2.664000	-0.007130
2.665000	-0.007118
2.666000	-0.007106
2.667000	-0.007093
2.668000	-0.007081
2.669000	-0.007068
2.670000	-0.007056
2.671000	-0.007043
2.672000	-0.007030
2.673000	-0.007018
2.674000	-0.007005
2.675000	-0.006992
2.676000	-0.006979
2.677000	-0.006966
2.678000	-0.006952
2.679000	-0.006939
2.680000	-0.006926
2.681000	-0.006913
2.682000	-0.006899
2.683000	-0.006886
2.684000	-0.006872
2.685000	-0.006858
2.686000	-0.006845
2.687000	-0.006831
2.688000	-0.006817
2.689000	-0.006803
2.690000	-0.006789
2.691000	-0.006775
2.692000	-0.006761
2.693000	-0.006746
2.694000	-0.006732
2.695000	-0.006718
2.696000	-0.006703
2.697000	-0.006689
2.698000	-0.006674
2.699000	-0.006660
2.700000	-0.006645
2.701000	-0.006630
2.702000	-0.006615
2.703000	-0.006600
2.704000	-0.006585
2.705000	-0.006570
2.706000	-0.006555
2.707000	-0.006540
2.708000	-0.006525
2.709000	-0.006509
2.710000	-0.006494
2.711000	-0.006479
2.712000	-0.006463
2.713000	-0.006448
2.714000	-0.006432
2.715000	-0.006416
2.716000	-0.006401
2.717000	-0.006385
2.718000	-0.006369
2.719000	-0.006353
2.720000	-0.006337
2.721000	-0.006321
2.722000	-0.006305
2.723000	-0.006289
2.724000	-0.006272
2.725000	-0.006256
2.726000	-0.006240
2.727000	-0.006223
2.728000	-0.006207
2.729000	-0.006190
2.730000	-0.006174
2.731000	-0.006157
2.732000	-0.006140
2.733000	-0.006124
2.734000	-0.006107
2.735000	-0.006090
2.736000	-0.006073
2.737000	-0.006056
2.738000	-0.006039
2.739000	-0.006022
2.740000	-0.006005
2.741000	-0.005987
2.742000	-0.005970
2.743000	-0.005953
2.744000	-0.005935
2.745000	-0.005918
2.746000	-0.005900
2.747000	-0.005883
2.748000	-0.005865
2.749000	-0.005848
2.750000	-0.005830
2.751000	-0.005812
2.752000	-0.005794
2.753000	-0.005776
2.754000	-0.005758
2.755000	-0.005740
2.756000	-0.005722
2.757000	-0.005704
2.758000	-0.005686
2.759000	-0.005668
2.760000	-0.005650
2.761000	-0.005631
2.762000	-0.005613
2.763000	-0.005595
2.764000	-0.005576
2.765000	-0.005558
2.766000	-0.005539
2.767000	-0.005521
2.768000	-0.005502
2.769000	-0.005483
2.770000	-0.005464
2.771000	-0.005446
2.772000	-0.005427
2.773000	-0.005408
2.774000	-0.005389
2.775000	-0.005370
2.776000	-0.005351
2.777000	-0.005332
2.778000	-0.005313
2.779000	-0.005294
2.780000	-0.005274
2.781000	-0.005255
2.782000	-0.005236
2.783000	-0.005216
2.784000	-0.005197
2.785000	-0.005177
2.786000	-0.005158
2.787000	-0.005138
2.788000	-0.005119
2.789000	-0.005099
2.790000	-0.005080
2.791000	-0.005060
2.792000	-0.005040
2.793000	-0.005020
2.794000	-0.005000
2.795000	-0.004981
2.796000	-0.004961
2.797000	-0.004941
2.798000	-0.004921
2.799000	-0.004900
2.800000	-0.004880
2.801000	-0.004860
2.802000	-0.004840
2.803000	-0.004820
2.804000	-0.004799
2.805000	-0.004779
2.806000	-0.004759
2.807000	-0.004738
2.808000	-0.004718
2.809000	-0.004698
2.810000	-0.004677
2.811000	-0.004656
2.812000	-0.004636
2.813000	-0.004615
2.814000	-0.004594
2.815000	-0.004574
2.816000	-0.004553
2.817000	-0.004532
2.818000	-0.004511
2.819000	-0.004490
2.820000	-0.004470
2.821000	-0.004449
2.822000	-0.004428
2.823000	-0.004407
2.824000	-0.004386
2.825000	-0.004364
2.826000	-0.004343
2.827000	-0.004322
2.828000	-0.004301
2.829000	-0.004280
2.830000	-0.004258
2.831000	-0.004237
2.832000	-0.004216
2.833000	-0.004194
2.834000	-0.004173
2.835000	-0.004152
2.836000	-0.004130
2.837000	-0.004109
2.838000	-0.004087
2.839000	-0.004065
2.840000	-0.004044
2.841000	-0.004022
2.842000	-0.004000
2.843000	-0.003979
2.844000	-0.003957
2.845000	-0.003935
2.846000	-0.003913
2.847000	-0.003892
2.848000	-0.003870
2.849000	-0.003848
2.850000	-0.003826
2.851000	-0.003804
2.852000	-0.003782
2.853000	-0.003760
2.854000	-0.003738
2.855000	-0.003716
2.856000	-0.003694
2.857000	-0.003671
2.858000	-0.003649
2.859000	-0.003627
2.860000	-0.003605
2.861000	-0.003583
2.862000	-0.003560
2.863000	-0.003538
2.864000	-0.003516
2.865000	-0.003493
2.866000	-0.003471
2.867000	-0.003448
2.868000	-0.003426
2.869000	-0.003403
2.870000	-0.003381
2.871000	-0.003358
2.872000	-0.003336
2.873000	-0.003313
2.874000	-0.003290
2.875000	-0.003268
2.876000	-0.003245
2.877000	-0.003222
2.878000	-0.003200
2.879000	-0.003177
2.880000	-0.003154
2.881000	-0.003131
2.882000	-0.003108
2.883000	-0.003086
2.884000	-0.003063
2.885000	-0.003040
2.886000	-0.003017
2.887000	-0.002994
2.888000	-0.002971
2.889000	-0.002948
2.890000	-0.002925
2.891000	-0.002902
2.892000	-0.002879
2.893000	-0.002856
2.894000	-0.002832
2.895000	-0.002809
2.896000	-0.002786
2.897000	-0.002763
2.898000	-0.002740
2.899000	-0.002717
2.900000	-0.002693
2.901000	-0.002670
2.902000	-0.002647
2.903000	-0.002623
2.904000	-0.002600
2.905000	-0.002577
2.906000	-0.002553
2.907000	-0.002530
2.908000	-0.002507
2.909000	-0.002483
2.910000	-0.002460
2.911000	-0.002436
2.912000	-0.002413
2.913000	-0.002389
2.914000	-0.002366
2.915000	-0.002342
2.916000	-0.002319
2.917000	-0.002295
2.918000	-0.002271
2.919000	-0.002248
2.920000	-0.002224
2.921000	-0.002201
2.922000	-0.002177
2.923000	-0.002153
2.924000	-0.002129
2.925000	-0.002106
2.926000	-0.002082
2.927000	-0.002058
2.928000	-0.002035
2.929000	-0.002011
2.930000	-0.001987
2.931000	-0.001963
2.932000	-0.001939
2.933000	-0.001915
2.934000	-0.001892
2.935000	-0.001868
2.936000	-0.001844
2.937000	-0.001820
2.938000	-0.001796
2.939000	-0.001772
2.940000	-0.001748
2.941000	-0.001724
2.942000	-0.001700
2.943000	-0.001676
2.944000	-0.001652
2.945000	-0.001628
2.946000	-0.001604
2.947000	-0.001580
2.948000	-0.001556
2.949000	-0.001532
2.950000	-0.001508
2.951000	-0.001484
2.952000	-0.001460
2.953000	-0.001436
2.954000	-0.001411
2.955000	-0.001387
2.956000	-0.001363
2.957000	-0.001339
2.958000	-0.001315
2.959000	-0.001291
2.960000	-0.001266
2.961000	-0.001242
2.962000	-0.001218
2.963000	-0.001194
2.964000	-0.001170
2.965000	-0.001145
2.966000	-0.001121
2.967000	-0.001097
2.968000	-0.001073
2.969000	-0.001048
2.970000	-0.001024
2.971000	-0.001000
2.972000	-0.000975
2.973000	-0.000951
2.974000	-0.000927
2.975000	-0.000903
2.976000	-0.000878
2.977000	-0.000854
2.978000	-0.000829
2.979000	-0.000805
2.980000	-0.000781
2.981000	-0.000756
2.982000	-0.000732
2.983000	-0.000708
2.984000	-0.000683
2.985000	-0.000659
2.986000	-0.000634
2.987000	-0.000610
2.988000	-0.000586
2.989000	-0.000561
2.990000	-0.000537
2.991000	-0.000512
2.992000	-0.000488
2.993000	-0.000464
2.994000	-0.000439
2.995000	-0.000415
2.996000	-0.000390
2.997000	-0.000366
2.998000	-0.000341
2.999000	-0.000317
3.000000	-0.000292
3.001000	-0.000268
3.002000	-0.000243
3.003000	-0.000219
3.004000	-0.000195
3.005000	-0.000170
3.006000	-0.000146
3.007000	-0.000121
3.008000	-0.000097
3.009000	-0.000072
3.010000	-0.000048
3.011000	-0.000023
3.012000	0.000001
3.013000	0.000026
3.014000	0.000050
3.015000	0.000075
3.016000	0.000099
3.017000	0.000124
3.018000	0.000148
3.019000	0.000173
3.020000	0.000197
3.021000	0.000222
3.022000	0.000246
3.023000	0.000271
3.024000	0.000295
3.025000	0.000320
3.026000	0.000344
3.027000	0.000369
3.028000	0.000393
3.029000	0.000418
3.030000	0.000442
3.031000	0.000467
3.032000	0.000491
3.033000	0.000515
3.034000	0.000540
3.035000	0.000565
3.036000	0.000589
3.037000	0.000613
3.038000	0.000638
3.039000	0.000662
3.040000	0.000687
3.041000	0.000711
3.042000	0.000736
3.043000	0.000760
3.044000	0.000785
3.045000	0.000809
3.046000	0.000833
3.047000	0.000858
3.048000	0.000882
3.049000	0.000907
3.050000	0.000931
3.051000	0.000956
3.052000	0.000980
3.053000	0.001004
3.054000	0.001029
3.055000	0.001053
3.056000	0.001078
3.057000	0.001102
3.058000	0.001126
3.059000	0.001151
3.060000	0.001175
3.061000	0.001199
3.062000	0.001224
3.063000	0.001248
3.064000	0.001272
3.065000	0.001297
3.066000	0.001321
3.067000	0.001345
3.068000	0.001370
3.069000	0.001394
3.070000	0.001418
3.071000	0.001442
3.072000	0.001467
3.073000	0.001491
3.074000	0.001515
3.075000	0.001539
3.076000	0.001564
3.077000	0.001588
3.078000	0.001612
3.079000	0.001636
3.080000	0.001660
3.081000	0.001685
3.082000	0.001709
3.083000	0.001733
3.084000	0.001757
3.085000	0.001781
3.086000	0.001805
3.087000	0.001829
3.088000	0.001853
3.089000	0.001878
3.090000	0.001902
3.091000	0.001926
3.092000	0.001950
3.093000	0.001974
3.094000	0.001998
3.095000	0.002022
3.096000	0.002046
3.097000	0.002070
3.098000	0.002094
3.099000	0.002118
3.100000	0.002142
3.101000	0.002166
3.102000	0.002189
3.103000	0.002213
3.104000	0.002237
3.105000	0.002261
3.106000	0.002285
3.107000	0.002309
3.108000	0.002333
3.109000	0.002356
3.110000	0.002380
3.111000	0.002404
3.112000	0.002428
3.113000	0.002452
3.114000	0.002475
3.115000	0.002499
3.116000	0.002523
3.117000	0.002546
3.118000	0.002570
3.119000	0.002594
3.120000	0.002617
3.121000	0.002641
3.122000	0.002665
3.123000	0.002688
3.124000	0.002712
3.125000	0.002735
3.126000	0.002759
3.127000	0.002782
3.128000	0.002806
3.129000	0.002829
3.130000	0.002853
3.131000	0.002876
3.132000	0.002900
3.133000	0.002923
3.134000	0.002946
3.135000	0.002970
3.136000	0.002993
3.137000	0.003016
3.138000	0.003040
3.139000	0.003063
3.140000	0.003086
3.141000	0.003109
3.142000	0.003133
3.143000	0.003156
3.144000	0.003179
3.145000	0.003202
3.146000	0.003225
3.147000	0.003248
3.148000	0.003272
3.149000	0.003295
3.150000	0.003318
3.151000	0.003341
3.152000	0.003364
3.153000	0.003387
3.154000	0.003410
3.155000	0.003432
3.156000	0.003455
3.157000	0.003478
3.158000	0.003501
3.159000	0.003524
3.160000	0.003547
3.161000	0.003570
3.162000	0.003592
3.163000	0.003615
3.164000	0.003638
3.165000	0.003660
3.166000	0.003683
3.167000	0.003706
3.168000	0.003728
3.169000	0.003751
3.170000	0.003773
3.171000	0.003796
3.172000	0.003818
3.173000	0.003841
3.174000	0.003863
3.175000	0.003886
3.176000	0.003908
3.177000	0.003930
3.178000	0.003953
3.179000	0.003975
3.180000	0.003997
3.181000	0.004020
3.182000	0.004042
3.183000	0.004064
3.184000	0.004086
3.185000	0.004108
3.186000	0.004130
3.187000	0.004152
3.188000	0.004175
3.189000	0.004197
3.190000	0.004219
3.191000	0.004240
3.192000	0.004262
3.193000	0.004284
3.194000	0.004306
3.195000	0.004328
3.196000	0.004350
3.197000	0.004372
3.198000	0.004393
3.199000	0.004415
3.200000	0.004437
3.201000	0.004458
3.202000	0.004480
3.203000	0.004501
3.204000	0.004523
3.205000	0.004544
3.206000	0.004566
3.207000	0.004587
3.208000	0.004609
3.209000	0.004630
3.210000	0.004651
3.211000	0.004673
3.212000	0.004694
3.213000	0.004715
3.214000	0.004736
3.215000	0.004758
3.216000	0.004779
3.217000	0.004800
3.218000	0.004821
3.219000	0.004842
3.220000	0.004863
3.221000	0.004884
3.222000	0.004905
3.223000	0.004925
3.224000	0.004946
3.225000	0.004967
3.226000	0.004988
3.227000	0.005009
3.228000	0.005029
3.229000	0.005050
3.230000	0.005070
3.231000	0.005091
3.232000	0.005112
3.233000	0.005132
3.234000	0.005152
3.235000	0.005173
3.236000	0.005193
3.237000	0.005213
3.238000	0.005234
3.239000	0.005254
3.240000	0.005274
3.241000	0.005294
3.242000	0.005314
3.243000	0.005334
3.244000	0.005355
3.245000	0.005375
3.246000	0.005394
3.247000	0.005414
3.248000	0.005434
3.249000	0.005454
3.250000	0.005474
3.251000	0.005494
3.252000	0.005513
3.253000	0.005533
3.254000	0.005552
3.255000	0.005572
3.256000	0.005591
3.257000	0.005611
3.258000	0.005630
3.259000	0.005650
3.260000	0.005669
3.261000	0.005688
3.262000	0.005708
3.263000	0.005727
3.264000	0.005746
3.265000	0.005765
3.266000	0.005784
3.267000	0.005803
3.268000	0.005822
3.269000	0.005841
3.270000	0.005860
3.271000	0.005878
3.272000	0.005897
3.273000	0.005916
3.274000	0.005934
3.275000	0.005953
3.276000	0.005972
3.277000	0.005990
3.278000	0.006009
3.279000	0.006027
3.280000	0.006045
3.281000	0.006064
3.282000	0.006082
3.283000	0.006100
3.284000	0.006118
3.285000	0.006136
3.286000	0.006154
3.287000	0.006172
3.288000	0.006190
3.289000	0.006208
3.290000	0.006226
3.291000	0.006244
3.292000	0.006261
3.293000	0.006279
3.294000	0.006297
3.295000	0.006314
3.296000	0.006332
3.297000	0.006349
3.298000	0.006367
3.299000	0.006384
3.300000	0.006401
3.301000	0.006418
3.302000	0.006436
3.303000	0.006453
3.304000	0.006470
3.305000	0.006487
3.306000	0.006504
3.307000	0.006520
3.308000	0.006537
3.309000	0.006554
3.310000	0.006571
3.311000	0.006587
3.312000	0.006604
3.313000	0.006620
3.314000	0.006637
3.315000	0.006653
3.316000	0.006670
3.317000	0.006686
3.318000	0.006702
3.319000	0.006718
3.320000	0.006734
3.321000	0.006750
3.322000	0.006766
3.323000	0.006782
3.324000	0.006798
3.325000	0.006814
3.326000	0.006829
3.327000	0.006845
3.328000	0.006861
3.329000	0.006876
3.330000	0.006892
3.331000	0.006907
3.332000	0.006922
3.333000	0.006937
3.334000	0.006953
3.335000	0.006968
3.336000	0.006983
3.337000	0.006998
3.338000	0.007013
3.339000	0.007027
3.340000	0.007042
3.341000	0.007057
3.342000	0.007072
3.343000	0.007086
3.344000	0.007101
3.345000	0.007115
3.346000	0.007129
3.347000	0.007144
3.348000	0.007158
3.349000	0.007172
3.350000	0.007186
3.351000	0.007200
3.352000	0.007214
3.353000	0.007228
3.354000	0.007242
3.355000	0.007255
3.356000	0.007269
3.357000	0.007283
3.358000	0.007296
3.359000	0.007309
3.360000	0.007323
3.361000	0.007336
3.362000	0.007349
3.363000	0.007362
3.364000	0.007375
3.365000	0.007388
3.366000	0.007401
3.367000	0.007414
3.368000	0.007427
3.369000	0.007439
3.370000	0.007452
3.371000	0.007464
3.372000	0.007477
3.373000	0.007489
3.374000	0.007501
3.375000	0.007514
3.376000	0.007526
3.377000	0.007538
3.378000	0.007550
3.379000	0.007562
3.380000	0.007573
3.381000	0.007585
3.382000	0.007597
3.383000	0.007608
3.384000	0.007620
3.385000	0.007631
3.386000	0.007642
3.387000	0.007653
3.388000	0.007665
3.389000	0.007676
3.390000	0.007686
3.391000	0.007697
3.392000	0.007708
3.393000	0.007719
3.394000	0.007729
3.395000	0.007740
3.396000	0.007750
3.397000	0.007761
3.398000	0.007771
3.399000	0.007781
3.400000	0.007791
3.401000	0.007801
3.402000	0.007811
3.403000	0.007821
3.404000	0.007830
3.405000	0.007840
3.406000	0.007849
3.407000	0.007859
3.408000	0.007868
3.409000	0.007877
3.410000	0.007887
3.411000	0.007896
3.412000	0.007905
3.413000	0.007914
3.414000	0.007922
3.415000	0.007931
3.416000	0.007940
3.417000	0.007948
3.418000	0.007956
3.419000	0.007965
3.420000	0.007973
3.421000	0.007981
3.422000	0.007989
3.423000	0.007997
3.424000	0.008005
3.425000	0.008013
3.426000	0.008020
3.427000	0.008028
3.428000	0.008035
3.429000	0.008042
3.430000	0.008050
3.431000	0.008057
3.432000	0.008064
3.433000	0.008071
3.434000	0.008078
3.435000	0.008084
3.436000	0.008091
3.437000	0.008097
3.438000	0.008104
3.439000	0.008110
3.440000	0.008116
3.441000	0.008122
3.442000	0.008128
3.443000	0.008134
3.444000	0.008140
3.445000	0.008146
3.446000	0.008151
3.447000	0.008157
3.448000	0.008162
3.449000	0.008167
3.450000	0.008172
3.451000	0.008177
3.452000	0.008182
3.453000	0.008187
3.454000	0.008192
3.455000	0.008196
3.456000	0.008201
3.457000	0.008205
3.458000	0.008210
3.459000	0.008214
3.460000	0.008218
3.461000	0.008222
3.462000	0.008226
3.463000	0.008229
3.464000	0.008233
3.465000	0.008236
3.466000	0.008240
3.467000	0.008243
3.468000	0.008246
3.469000	0.008249
3.470000	0.008252
3.471000	0.008255
3.472000	0.008257
3.473000	0.008260
3.474000	0.008262
3.475000	0.008265
3.476000	0.008267
3.477000	0.008269
3.478000	0.008271
3.479000	0.008273
3.480000	0.008274
3.481000	0.008276
3.482000	0.008277
3.483000	0.008279
3.484000	0.008280
3.485000	0.008281
3.486000	0.008282
3.487000	0.008283
3.488000	0.008284
3.489000	0.008284
3.490000	0.008285
3.491000	0.008285
3.492000	0.008285
3.493000	0.008285
3.494000	0.008285
3.495000	0.008285
3.496000	0.008285
3.497000	0.008285
3.498000	0.008284
3.499000	0.008283
3.500000	0.008283
3.501000	0.008282
3.502000	0.008281
3.503000	0.008280
3.504000	0.008278
3.505000	0.008277
3.506000	0.008275
3.507000	0.008274
3.508000	0.008272
3.509000	0.008270
3.510000	0.008268
3.511000	0.008266
3.512000	0.008263
3.513000	0.008261
3.514000	0.008258
3.515000	0.008255
3.516000	0.008253
3.517000	0.008250
3.518000	0.008246
3.519000	0.008243
3.520000	0.008240
3.521000	0.008236
3.522000	0.008232
3.523000	0.008229
3.524000	0.008225
3.525000	0.008221
3.526000	0.008216
3.527000	0.008212
3.528000	0.008207
3.529000	0.008203
3.530000	0.008198
3.531000	0.008193
3.532000	0.008188
3.533000	0.008183
3.534000	0.008178
3.535000	0.008172
3.536000	0.008166
3.537000	0.008161
3.538000	0.008155
3.539000	0.008149
3.540000	0.008143
3.541000	0.008136
3.542000	0.008130
3.543000	0.008123
3.544000	0.008116
3.545000	0.008109
3.546000	0.008102
3.547000	0.008095
3.548000	0.008088
3.549000	0.008080
3.550000	0.008073
3.551000	0.008065
3.552000	0.008057
3.553000	0.008049
3.554000	0.008041
3.555000	0.008032
3.556000	0.008024
3.557000	0.008015
3.558000	0.008006
3.559000	0.007997
3.560000	0.007988
3.561000	0.007979
3.562000	0.007969
3.563000	0.007960
3.564000	0.007950
3.565000	0.007940
3.566000	0.007930
3.567000	0.007920
3.568000	0.007910
3.569000	0.007899
3.570000	0.007889
3.571000	0.007878
3.572000	0.007867
3.573000	0.007856
3.574000	0.007845
3.575000	0.007833
3.576000	0.007822
3.577000	0.007810
3.578000	0.007798
3.579000	0.007786
3.580000	0.007774
3.581000	0.007762
3.582000	0.007749
3.583000	0.007737
3.584000	0.007724
3.585000	0.007711
3.586000	0.007698
3.587000	0.007685
3.588000	0.007671
3.589000	0.007658
3.590000	0.007644
3.591000	0.007630
3.592000	0.007616
3.593000	0.007602
3.594000	0.007588
3.595000	0.007573
3.596000	0.007559
3.597000	0.007544
3.598000	0.007529
3.599000	0.007514
3.600000	0.007498
3.601000	0.007483
3.602000	0.007467
3.603000	0.007452
3.604000	0.007436
3.605000	0.007420
3.606000	0.007403
3.607000	0.007387
3.608000	0.007371
3.609000	0.007354
3.610000	0.007337
3.611000	0.007320
3.612000	0.007303
3.613000	0.007285
3.614000	0.007268
3.615000	0.007250
3.616000	0.007233
3.617000	0.007215
3.618000	0.007196
3.619000	0.007178
3.620000	0.007160
3.621000	0.007141
3.622000	0.007122
3.623000	0.007103
3.624000	0.007084
3.625000	0.007065
3.626000	0.007046
3.627000	0.007026
3.628000	0.007006
3.629000	0.006987
3.630000	0.006967
3.631000	0.006946
3.632000	0.006926
3.633000	0.006905
3.634000	0.006885
3.635000	0.006864
3.636000	0.006843
3.637000	0.006822
3.638000	0.006801
3.639000	0.006779
3.640000	0.006757
3.641000	0.006736
3.642000	0.006714
3.643000	0.006692
3.644000	0.006669
3.645000	0.006647
3.646000	0.006624
3.647000	0.006602
3.648000	0.006579
3.649000	0.006556
3.650000	0.006533
3.651000	0.006509
3.652000	0.006486
3.653000	0.006462
3.654000	0.006438
3.655000	0.006414
3.656000	0.006390
3.657000	0.006366
3.658000	0.006341
3.659000	0.006317
3.660000	0.006292
3.661000	0.006267
3.662000	0.006242
3.663000	0.006217
3.664000	0.006192
3.665000	0.006166
3.666000	0.006140
3.667000	0.006115
3.668000	0.006089
3.669000	0.006063
3.670000	0.006036
3.671000	0.006010
3.672000	0.005983
3.673000	0.005957
3.674000	0.005930
3.675000	0.005903
3.676000	0.005876
3.677000	0.005848
3.678000	0.005821
3.679000	0.005793
3.680000	0.005766
3.681000	0.005738
3.682000	0.005710
3.683000	0.005682
3.684000	0.005653
3.685000	0.005625
3.686000	0.005596
3.687000	0.005567
3.688000	0.005539
3.689000	0.005510
3.690000	0.005480
3.691000	0.005451
3.692000	0.005422
3.693000	0.005392
3.694000	0.005362
3.695000	0.005333
3.696000	0.005303
3.697000	0.005272
3.698000	0.005242
3.699000	0.005212
3.700000	0.005181
3.701000	0.005151
3.702000	0.005120
3.703000	0.005089
3.704000	0.005058
3.705000	0.005027
3.706000	0.004995
3.707000	0.004964
3.708000	0.004932
3.709000	0.004901
3.710000	0.004869
3.711000	0.004837
3.712000	0.004805
3.713000	0.004773
3.714000	0.004740
3.715000	0.004708
3.716000	0.004675
3.717000	0.004643
3.718000	0.004610
3.719000	0.004577
3.720000	0.004544
3.721000	0.004511
3.722000	0.004478
3.723000	0.004444
3.724000	0.004411
3.725000	0.004377
3.726000	0.004344
3.727000	0.004310
3.728000	0.004276
3.729000	0.004242
3.730000	0.004208
3.731000	0.004174
3.732000	0.004139
3.733000	0.004105
3.734000	0.004070
3.735000	0.004036
3.736000	0.004001
3.737000	0.003966
3.738000	0.003931
3.739000	0.003896
3.740000	0.003861
3.741000	0.003826
3.742000	0.003791
3.743000	0.003755
3.744000	0.003720
3.745000	0.003684
3.746000	0.003649
3.747000	0.003613
3.748000	0.003577
3.749000	0.003541
3.750000	0.003505
3.751000	0.003469
3.752000	0.003433
3.753000	0.003397
3.754000	0.003361
3.755000	0.003325
3.756000	0.003288
3.757000	0.003252
3.758000	0.003215
3.759000	0.003179
3.760000	0.003142
3.761000	0.003105
3.762000	0.003068
3.763000	0.003031
3.764000	0.002995
3.765000	0.002958
3.766000	0.002921
3.767000	0.002883
3.768000	0.002846
3.769000	0.002809
3.770000	0.002772
3.771000	0.002735
3.772000	0.002697
3.773000	0.002660
3.774000	0.002623
3.775000	0.002585
3.776000	0.002548
3.777000	0.002510
3.778000	0.002472
3.779000	0.002435
3.780000	0.002397
3.781000	0.002360
3.782000	0.002322
3.783000	0.002284
3.784000	0.002246
3.785000	0.002209
3.786000	0.002171
3.787000	0.002133
3.788000	0.002095
3.789000	0.002057
3.790000	0.002020
3.791000	0.001982
3.792000	0.001944
3.793000	0.001906
3.794000	0.001868
3.795000	0.001830
3.796000	0.001792
3.797000	0.001754
3.798000	0.001717
3.799000	0.001679
3.800000	0.001641
3.801000	0.001603
3.802000	0.001565
3.803000	0.001527
3.804000	0.001489
3.805000	0.001452
3.806000	0.001414
3.807000	0.001376
3.808000	0.001338
3.809000	0.001301
3.810000	0.001263
3.811000	0.001225
3.812000	0.001188
3.813000	0.001150
3.814000	0.001112
3.815000	0.001075
3.816000	0.001037
3.817000	0.001000
3.818000	0.000962
3.819000	0.000925
3.820000	0.000888
3.821000	0.000850
3.822000	0.000813
3.823000	0.000776
3.824000	0.000739
3.825000	0.000702
3.826000	0.000665
3.827000	0.000628
3.828000	0.000591
3.829000	0.000554
3.830000	0.000517
3.831000	0.000481
3.832000	0.000444
3.833000	0.000408
3.834000	0.000371
3.835000	0.000335
3.836000	0.000299
3.837000	0.000262
3.838000	0.000226
3.839000	0.000190
3.840000	0.000154
3.841000	0.000118
3.842000	0.000083
3.843000	0.000047
3.844000	0.000011
3.845000	-0.000024
3.846000	-0.000059
3.847000	-0.000095
3.848000	-0.000130
3.849000	-0.000165
3.850000	-0.000200
3.851000	-0.000235
3.852000	-0.000269
3.853000	-0.000304
3.854000	-0.000338
3.855000	-0.000373
3.856000	-0.000407
3.857000	-0.000441
3.858000	-0.000475
3.859000	-0.000509
3.860000	-0.000542
3.861000	-0.000576
3.862000	-0.000609
3.863000	-0.000643
3.864000	-0.000676
3.865000	-0.000709
3.866000	-0.000742
3.867000	-0.000774
3.868000	-0.000807
3.869000	-0.000839
3.870000	-0.000871
3.871000	-0.000903
3.872000	-0.000935
3.873000	-0.000967
3.874000	-0.000999
3.875000	-0.001030
3.876000	-0.001061
3.877000	-0.001093
3.878000	-0.001124
3.879000	-0.001154
3.880000	-0.001185
3.881000	-0.001215
3.882000	-0.001246
3.883000	-0.001276
3.884000	-0.001305
3.885000	-0.001335
3.886000	-0.001365
3.887000	-0.001394
3.888000	-0.001423
3.889000	-0.001452
3.890000	-0.001481
3.891000	-0.001509
3.892000	-0.001538
3.893000	-0.001566
3.894000	-0.001594
3.895000	-0.001622
3.896000	-0.001649
3.897000	-0.001676
3.898000	-0.001704
3.899000	-0.001730
3.900000	-0.001757
3.901000	-0.001784
3.902000	-0.001810
3.903000	-0.001836
3.904000	-0.001862
3.905000	-0.001888
3.906000	-0.001913
3.907000	-0.001938
3.908000	-0.001963
3.909000	-0.001988
3.910000	-0.002012
3.911000	-0.002037
3.912000	-0.002061
3.913000	-0.002084
3.914000	-0.002108
3.915000	-0.002131
3.916000	-0.002154
3.917000	-0.002177
3.918000	-0.002200
3.919000	-0.002222
3.920000	-0.002245
3.921000	-0.002266
3.922000	-0.002288
3.923000	-0.002310
3.924000	-0.002331
3.925000	-0.002352
3.926000	-0.002372
3.927000	-0.002393
3.928000	-0.002413
3.929000	-0.002433
3.930000	-0.002452
3.931000	-0.002472
3.932000	-0.002491
3.933000	-0.002510
3.934000	-0.002528
3.935000	-0.002547
3.936000	-0.002565
3.937000	-0.002583
3.938000	-0.002600
3.939000	-0.002618
3.940000	-0.002635
3.941000	-0.002651
3.942000	-0.002668
3.943000	-0.002684
3.944000	-0.002700
3.945000	-0.002716
3.946000	-0.002731
3.947000	-0.002746
3.948000	-0.002761
3.949000	-0.002776
3.950000	-0.002790
3.951000	-0.002804
3.952000	-0.002818
3.953000	-0.002832
3.954000	-0.002845
3.955000	-0.002858
3.956000	-0.002870
3.957000	-0.002883
3.958000	-0.002895
3.959000	-0.002907
3.960000	-0.002918
3.961000	-0.002930
3.962000	-0.002941
3.963000	-0.002951
3.964000	-0.002962
3.965000	-0.002972
3.966000	-0.002982
3.967000	-0.002991
3.968000	-0.003000
3.969000	-0.003009
3.970000	-0.003018
3.971000	-0.003026
3.972000	-0.003035
3.973000	-0.003042
3.974000	-0.003050
3.975000	-0.003057
3.976000	-0.003064
3.977000	-0.003071
3.978000	-0.003077
3.979000	-0.003084
3.980000	-0.003089
3.981000	-0.003095
3.982000	-0.003100
3.983000	-0.003105
3.984000	-0.003110
3.985000	-0.003114
3.986000	-0.003118
3.987000	-0.003122
3.988000	-0.003126
3.989000	-0.003129
3.990000	-0.003132
3.991000	-0.003134
3.992000	-0.003137
3.993000	-0.003139
3.994000	-0.003140
3.995000	-0.003142
3.996000	-0.003143
3.997000	-0.003144
3.998000	-0.003145
3.999000	-0.003145
4.000000	-0.003145
4.001000	-0.003145
4.002000	-0.003145
4.003000	-0.003144
4.004000	-0.003143
4.005000	-0.003142
4.006000	-0.003140
4.007000	-0.003138
4.008000	-0.003136
4.009000	-0.003133
4.010000	-0.003130
4.011000	-0.003127
4.012000	-0.003123
4.013000	-0.003120
4.014000	-0.003116
4.015000	-0.003111
4.016000	-0.003107
4.017000	-0.003102
4.018000	-0.003097
4.019000	-0.003092
4.020000	-0.003086
4.021000	-0.003081
4.022000	-0.003075
4.023000	-0.003069
4.024000	-0.003062
4.025000	-0.003056
4.026000	-0.003048
4.027000	-0.003041
4.028000	-0.003033
4.029000	-0.003025
4.030000	-0.003016
4.031000	-0.003007
4.032000	-0.002998
4.033000	-0.002989
4.034000	-0.002979
4.035000	-0.002969
4.036000	-0.002959
4.037000	-0.002948
4.038000	-0.002938
4.039000	-0.002927
4.040000	-0.002917
4.041000	-0.002906
4.042000	-0.002895
4.043000	-0.002884
4.044000	-0.002872
4.045000	-0.002861
4.046000	-0.002848
4.047000	-0.002836
4.048000	-0.002823
4.049000	-0.002810
4.050000	-0.002796
4.051000	-0.002782
4.052000	-0.002767
4.053000	-0.002752
4.054000	-0.002737
4.055000	-0.002721
4.056000	-0.002706
4.057000	-0.002690
4.058000	-0.002674
4.059000	-0.002658
4.060000	-0.002643
4.061000	-0.002627
4.062000	-0.002611
4.063000	-0.002595
4.064000	-0.002580
4.065000	-0.002564
4.066000	-0.002547
4.067000	-0.002530
4.068000	-0.002513
4.069000	-0.002495
4.070000	-0.002477
4.071000	-0.002458
4.072000	-0.002438
4.073000	-0.002418
4.074000	-0.002398
4.075000	-0.002377
4.076000	-0.002356
4.077000	-0.002335
4.078000	-0.002314
4.079000	-0.002294
4.080000	-0.002273
4.081000	-0.002253
4.082000	-0.002233
4.083000	-0.002213
4.084000	-0.002194
4.085000	-0.002174
4.086000	-0.002154
4.087000	-0.002133
4.088000	-0.002112
4.089000	-0.002091
4.090000	-0.002068
4.091000	-0.002045
4.092000	-0.002022
4.093000	-0.001997
4.094000	-0.001972
4.095000	-0.001947
4.096000	-0.001922
4.097000	-0.001896
4.098000	-0.001871
4.099000	-0.001846
4.100000	-0.001821
4.101000	-0.001797
4.102000	-0.001773
4.103000	-0.001750
4.104000	-0.001726
4.105000	-0.001703
4.106000	-0.001679
4.107000	-0.001655
4.108000	-0.001631
4.109000	-0.001606
4.110000	-0.001581
4.111000	-0.001555
4.112000	-0.001528
4.113000	-0.001500
4.114000	-0.001472
4.115000	-0.001443
4.116000	-0.001414
4.117000	-0.001385
4.118000	-0.001357
4.119000	-0.001328
4.120000	-0.001300
4.121000	-0.001272
4.122000	-0.001245
4.123000	-0.001218
4.124000	-0.001191
4.125000	-0.001164
4.126000	-0.001137
4.127000	-0.001110
4.128000	-0.001083
4.129000	-0.001055
4.130000	-0.001026
4.131000	-0.000998
4.132000	-0.000968
4.133000	-0.000938
4.134000	-0.000907
4.135000	-0.000877
4.136000	-0.000846
4.137000	-0.000814
4.138000	-0.000783
4.139000	-0.000752
4.140000	-0.000722
4.141000	-0.000691
4.142000	-0.000661
4.143000	-0.000631
4.144000	-0.000601
4.145000	-0.000571
4.146000	-0.000541
4.147000	-0.000511
4.148000	-0.000481
4.149000	-0.000451
4.150000	-0.000420
4.151000	-0.000389
4.152000	-0.000357
4.153000	-0.000325
4.154000	-0.000293
4.155000	-0.000261
4.156000	-0.000228
4.157000	-0.000196
4.158000	-0.000163
4.159000	-0.000131
4.160000	-0.000098
4.161000	-0.000066
4.162000	-0.000034
4.163000	-0.000002
4.164000	0.000030
4.165000	0.000063
4.166000	0.000095
4.167000	0.000127
4.168000	0.000159
4.169000	0.000192
4.170000	0.000225
4.171000	0.000257
4.172000	0.000290
4.173000	0.000324
4.174000	0.000357
4.175000	0.000390
4.176000	0.000423
4.177000	0.000457
4.178000	0.000490
4.179000	0.000524
4.180000	0.000557
4.181000	0.000591
4.182000	0.000624
4.183000	0.000658
4.184000	0.000691
4.185000	0.000725
4.186000	0.000758
4.187000	0.000792
4.188000	0.000826
4.189000	0.000859
4.190000	0.000893
4.191000	0.000927
4.192000	0.000961
4.193000	0.000995
4.194000	0.001029
4.195000	0.001063
4.196000	0.001097
4.197000	0.001131
4.198000	0.001165
4.199000	0.001199
4.200000	0.001233
4.201000	0.001267
4.202000	0.001301
4.203000	0.001335
4.204000	0.001369
4.205000	0.001403
4.206000	0.001437
4.207000	0.001471
4.208000	0.001505
4.209000	0.001540
4.210000	0.001574
4.211000	0.001608
4.212000	0.001642
4.213000	0.001676
4.214000	0.001710
4.215000	0.001744
4.216000	0.001779
4.217000	0.001813
4.218000	0.001847
4.219000	0.001881
4.220000	0.001915
4.221000	0.001949
4.222000	0.001983
4.223000	0.002017
4.224000	0.002051
4.225000	0.002085
4.226000	0.002119
4.227000	0.002153
4.228000	0.002187
4.229000	0.002221
4.230000	0.002255
4.231000	0.002289
4.232000	0.002323
4.233000	0.002357
4.234000	0.002391
4.235000	0.002424
4.236000	0.002458
4.237000	0.002492
4.238000	0.002525
4.239000	0.002559
4.240000	0.002593
4.241000	0.002626
4.242000	0.002660
4.243000	0.002693
4.244000	0.002727
4.245000	0.002760
4.246000	0.002794
4.247000	0.002827
4.248000	0.002860
4.249000	0.002894
4.250000	0.002927
4.251000	0.002960
4.252000	0.002993
4.253000	0.003026
4.254000	0.003059
4.255000	0.003092
4.256000	0.003125
4.257000	0.003158
4.258000	0.003190
4.259000	0.003223
4.260000	0.003256
4.261000	0.003288
4.262000	0.003321
4.263000	0.003353
4.264000	0.003386
4.265000	0.003418
4.266000	0.003450
4.267000	0.003483
4.268000	0.003515
4.269000	0.003547
4.270000	0.003579
4.271000	0.003611
4.272000	0.003643
4.273000	0.003675
4.274000	0.003706
4.275000	0.003738
4.276000	0.003770
4.277000	0.003801
4.278000	0.003832
4.279000	0.003864
4.280000	0.003895
4.281000	0.003926
4.282000	0.003957
4.283000	0.003988
4.284000	0.004019
4.285000	0.004050
4.286000	0.004081
4.287000	0.004112
4.288000	0.004142
4.289000	0.004173
4.290000	0.004203
4.291000	0.004234
4.292000	0.004264
4.293000	0.004294
4.294000	0.004324
4.295000	0.004354
4.296000	0.004384
4.297000	0.004414
4.298000	0.004444
4.299000	0.004473
4.300000	0.004503
4.301000	0.004532
4.302000	0.004562
4.303000	0.004591
4.304000	0.004620
4.305000	0.004649
4.306000	0.004678
4.307000	0.004707
4.308000	0.004736
4.309000	0.004765
4.310000	0.004793
4.311000	0.004822
4.312000	0.004850
4.313000	0.004878
4.314000	0.004906
4.315000	0.004934
4.316000	0.004962
4.317000	0.004990
4.318000	0.005018
4.319000	0.005046
4.320000	0.005073
4.321000	0.005100
4.322000	0.005128
4.323000	0.005155
4.324000	0.005182
4.325000	0.005209
4.326000	0.005236
4.327000	0.005263
4.328000	0.005289
4.329000	0.005316
4.330000	0.005342
4.331000	0.005369
4.332000	0.005395
4.333000	0.005421
4.334000	0.005447
4.335000	0.005473
4.336000	0.005498
4.337000	0.005524
4.338000	0.005549
4.339000	0.005575
4.340000	0.005600
4.341000	0.005625
4.342000	0.005650
4.343000	0.005675
4.344000	0.005700
4.345000	0.005724
4.346000	0.005749
4.347000	0.005773
4.348000	0.005798
4.349000	0.005822
4.350000	0.005846
4.351000	0.005870
4.352000	0.005894
4.353000	0.005917
4.354000	0.005941
4.355000	0.005964
4.356000	0.005988
4.357000	0.006011
4.358000	0.006034
4.359000	0.006057
4.360000	0.006080
4.361000	0.006102
4.362000	0.006125
4.363000	0.006147
4.364000	0.006170
4.365000	0.006192
4.366000	0.006214
4.367000	0.006236
4.368000	0.006258
4.369000	0.006279
4.370000	0.006301
4.371000	0.006322
4.372000	0.006343
4.373000	0.006365
4.374000	0.006386
4.375000	0.006406
4.376000	0.006427
4.377000	0.006448
4.378000	0.006468
4.379000	0.006489
4.380000	0.006509
4.381000	0.006529
4.382000	0.006549
4.383000	0.006569
4.384000	0.006589
4.385000	0.006608
4.386000	0.006628
4.387000	0.006647
4.388000	0.006666
4.389000	0.006685
4.390000	0.006704
4.391000	0.006723
4.392000	0.006742
4.393000	0.006760
4.394000	0.006778
4.395000	0.006797
4.396000	0.006815
4.397000	0.006833
4.398000	0.006851
4.399000	0.006868
4.400000	0.006886
4.401000	0.006903
4.402000	0.006921
4.403000	0.006938
4.404000	0.006955
4.405000	0.006972
4.406000	0.006989
4.407000	0.007005
4.408000	0.007022
4.409000	0.007038
4.410000	0.007054
4.411000	0.007070
4.412000	0.007086
4.413000	0.007102
4.414000	0.007118
4.415000	0.007133
4.416000	0.007149
4.417000	0.007164
4.418000	0.007179
4.419000	0.007194
4.420000	0.007209
4.421000	0.007224
4.422000	0.007239
4.423000	0.007253
4.424000	0.007267
4.425000	0.007282
4.426000	0.007296
4.427000	0.007310
4.428000	0.007323
4.429000	0.007337
4.430000	0.007351
4.431000	0.007364
4.432000	0.007377
4.433000	0.007390
4.434000	0.007403
4.435000	0.007416
4.436000	0.007429
4.437000	0.007442
4.438000	0.007454
4.439000	0.007466
4.440000	0.007478
4.441000	0.007491
4.442000	0.007502
4.443000	0.007514
4.444000	0.007526
4.445000	0.007537
4.446000	0.007549
4.447000	0.007560
4.448000	0.007571
4.449000	0.007582
4.450000	0.007593
4.451000	0.007604
4.452000	0.007614
4.453000	0.007625
4.454000	0.007635
4.455000	0.007645
4.456000	0.007655
4.457000	0.007665
4.458000	0.007675
4.459000	0.007684
4.460000	0.007694
4.461000	0.007703
4.462000	0.007713
4.463000	0.007722
4.464000	0.007731
4.465000	0.007739
4.466000	0.007748
4.467000	0.007757
4.468000	0.007765
4.469000	0.007773
4.470000	0.007782
4.471000	0.007790
4.472000	0.007798
4.473000	0.007805
4.474000	0.007813
4.475000	0.007821
4.476000	0.007828
4.477000	0.007835
4.478000	0.007842
4.479000	0.007849
4.480000	0.007856
4.481000	0.007863
4.482000	0.007870
4.483000	0.007876
4.484000	0.007883
4.485000	0.007889
4.486000	0.007895
4.487000	0.007901
4.488000	0.007907
4.489000	0.007912
4.490000	0.007918
4.491000	0.007924
4.492000	0.007929
4.493000	0.007934
4.494000	0.007939
4.495000	0.007944
4.496000	0.007949
4.497000	0.007954
4.498000	0.007958
4.499000	0.007963
4.500000	0.007967
4.501000	0.007971
4.502000	0.007975
4.503000	0.007979
4.504000	0.007983
4.505000	0.007987
4.506000	0.007990
4.507000	0.007994
4.508000	0.007997
4.509000	0.008000
4.510000	0.008004
4.511000	0.008007
4.512000	0.008009
4.513000	0.008012
4.514000	0.008015
4.515000	0.008017
4.516000	0.008020
4.517000	0.008022
4.518000	0.008024
4.519000	0.008026
4.520000	0.008028
4.521000	0.008030
4.522000	0.008031
4.523000	0.008033
4.524000	0.008034
4.525000	0.008035
4.526000	0.008036
4.527000	0.008038
4.528000	0.008038
4.529000	0.008039
4.530000	0.008040
4.531000	0.008040
4.532000	0.008041
4.533000	0.008041
4.534000	0.008042
4.535000	0.008042
4.536000	0.008042
4.537000	0.008041
4.538000	0.008041
4.539000	0.008041
4.540000	0.008040
4.541000	0.008040
4.542000	0.008039
4.543000	0.008038
4.544000	0.008037
4.545000	0.008036
4.546000	0.008035
4.547000	0.008034
4.548000	0.008032
4.549000	0.008031
4.550000	0.008029
4.551000	0.008027
4.552000	0.008026
4.553000	0.008024
4.554000	0.008022
4.555000	0.008020
4.556000	0.008017
4.557000	0.008015
4.558000	0.008012
4.559000	0.008010
4.560000	0.008007
4.561000	0.008004
4.562000	0.008001
4.563000	0.007998
4.564000	0.007995
4.565000	0.007992
4.566000	0.007988
4.567000	0.007985
4.568000	0.007981
4.569000	0.007978
4.570000	0.007974
4.571000	0.007970
4.572000	0.007966
4.573000	0.007962
4.574000	0.007958
4.575000	0.007953
4.576000	0.007949
4.577000	0.007944
4.578000	0.007940
4.579000	0.007935
4.580000	0.007930
4.581000	0.007925
4.582000	0.007920
4.583000	0.007915
4.584000	0.007910
4.585000	0.007904
4.586000	0.007899
4.587000	0.007893
4.588000	0.007888
4.589000	0.007882
4.590000	0.007876
4.591000	0.007870
4.592000	0.007864
4.593000	0.007858
4.594000	0.007852
4.595000	0.007845
4.596000	0.007839
4.597000	0.007832
4.598000	0.007826
4.599000	0.007819
4.600000	0.007812
4.601000	0.007805
4.602000	0.007798
4.603000	0.007791
4.604000	0.007784
4.605000	0.007777
4.606000	0.007769
4.607000	0.007762
4.608000	0.007754
4.609000	0.007746
4.610000	0.007739
4.611000	0.007731
4.612000	0.007723
4.613000	0.007715
4.614000	0.007706
4.615000	0.007698
4.616000	0.007690
4.617000	0.007681
4.618000	0.007673
4.619000	0.007664
4.620000	0.007656
4.621000	0.007647
4.622000	0.007638
4.623000	0.007629
4.624000	0.007620
4.625000	0.007611
4.626000	0.007601
4.627000	0.007592
4.628000	0.007583
4.629000	0.007573
4.630000	0.007564
4.631000	0.007554
4.632000	0.007544
4.633000	0.007534
4.634000	0.007524
4.635000	0.007514
4.636000	0.007504
4.637000	0.007494
4.638000	0.007484
4.639000	0.007474
4.640000	0.007463
4.641000	0.007452
4.642000	0.007442
4.643000	0.007431
4.644000	0.007420
4.645000	0.007410
4.646000	0.007399
4.647000	0.007388
4.648000	0.007376
4.649000	0.007365
4.650000	0.007354
4.651000	0.007343
4.652000	0.007331
4.653000	0.007320
4.654000	0.007308
4.655000	0.007296
4.656000	0.007285
4.657000	0.007273
4.658000	0.007261
4.659000	0.007249
4.660000	0.007237
4.661000	0.007225
4.662000	0.007213
4.663000	0.007200
4.664000	0.007188
4.665000	0.007175
4.666000	0.007163
4.667000	0.007150
4.668000	0.007138
4.669000	0.007125
4.670000	0.007112
4.671000	0.007099
4.672000	0.007086
4.673000	0.007073
4.674000	0.007060
4.675000	0.007047
4.676000	0.007033
4.677000	0.007020
4.678000	0.007007
4.679000	0.006993
4.680000	0.006980
4.681000	0.006966
4.682000	0.006952
4.683000	0.006939
4.684000	0.006925
4.685000	0.006911
4.686000	0.006897
4.687000	0.006883
4.688000	0.006869
4.689000	0.006854
4.690000	0.006840
4.691000	0.006826
4.692000	0.006811
4.693000	0.006797
4.694000	0.006782
4.695000	0.006768
4.696000	0.006753
4.697000	0.006738
4.698000	0.006724
4.699000	0.006709
4.700000	0.006694
4.701000	0.006679
4.702000	0.006664
4.703000	0.006648
4.704000	0.006633
4.705000	0.006618
4.706000	0.006603
4.707000	0.006587
4.708000	0.006572
4.709000	0.006556
4.710000	0.006541
4.711000	0.006525
4.712000	0.006509
4.713000	0.006494
4.714000	0.006478
4.715000	0.006462
4.716000	0.006446
4.717000	0.006430
4.718000	0.006414
4.719000	0.006398
4.720000	0.006381
4.721000	0.006365
4.722000	0.006349
4.723000	0.006332
4.724000	0.006316
4.725000	0.006299
4.726000	0.006283
4.727000	0.006266
4.728000	0.006250
4.729000	0.006233
4.730000	0.006216
4.731000	0.006199
4.732000	0.006182
4.733000	0.006165
4.734000	0.006148
4.735000	0.006131
4.736000	0.006114
4.737000	0.006097
4.738000	0.006080
4.739000	0.006062
4.740000	0.006045
4.741000	0.006027
4.742000	0.006010
4.743000	0.005993
4.744000	0.005975
4.745000	0.005957
4.746000	0.005940
4.747000	0.005922
4.748000	0.005904
4.749000	0.005886
4.750000	0.005868
4.751000	0.005850
4.752000	0.005832
4.753000	0.005814
4.754000	0.005796
4.755000	0.005778
4.756000	0.005760
4.757000	0.005742
4.758000	0.005723
4.759000	0.005705
4.760000	0.005686
4.761000	0.005668
4.762000	0.005649
4.763000	0.005631
4.764000	0.005612
4.765000	0.005594
4.766000	0.005575
4.767000	0.005556
4.768000	0.005537
4.769000	0.005518
4.770000	0.005500
4.771000	0.005481
4.772000	0.005462
4.773000	0.005443
4.774000	0.005423
4.775000	0.005404
4.776000	0.005385
4.777000	0.005366
4.778000	0.005347
4.779000	0.005327
4.780000	0.005308
4.781000	0.005289
4.782000	0.005269
4.783000	0.005250
4.784000	0.005230
4.785000	0.005210
4.786000	0.005191
4.787000	0.005171
4.788000	0.005151
4.789000	0.005132
4.790000	0.005112
4.791000	0.005092
4.792000	0.005072
4.793000	0.005052
4.794000	0.005032
4.795000	0.005012
4.796000	0.004992
4.797000	0.004972
4.798000	0.004952
4.799000	0.004932
4.800000	0.004911
4.801000	0.004891
4.802000	0.004871
4.803000	0.004850
4.804000	0.004830
4.805000	0.004810
4.806000	0.004789
4.807000	0.004769
4.808000	0.004748
4.809000	0.004727
4.810000	0.004707
4.811000	0.004686
4.812000	0.004665
4.813000	0.004645
4.814000	0.004624
4.815000	0.004603
4.816000	0.004582
4.817000	0.004561
4.818000	0.004540
4.819000	0.004519
4.820000	0.004498
4.821000	0.004477
4.822000	0.004456
4.823000	0.004435
4.824000	0.004414
4.825000	0.004393
4.826000	0.004372
4.827000	0.004350
4.828000	0.004329
4.829000	0.004308
4.830000	0.004286
4.831000	0.004265
4.832000	0.004244
4.833000	0.004222
4.834000	0.004201
4.835000	0.004179
4.836000	0.004158
4.837000	0.004136
4.838000	0.004114
4.839000	0.004093
4.840000	0.004071
4.841000	0.004049
4.842000	0.004028
4.843000	0.004006
4.844000	0.003984
4.845000	0.003962
4.846000	0.003940
4.847000	0.003918
4.848000	0.003896
4.849000	0.003875
4.850000	0.003852
4.851000	0.003830
4.852000	0.003808
4.853000	0.003786
4.854000	0.003764
4.855000	0.003742
4.856000	0.003720
4.857000	0.003698
4.858000	0.003675
4.859000	0.003653
4.860000	0.003631
4.861000	0.003609
4.862000	0.003586
4.863000	0.003564
4.864000	0.003541
4.865000	0.003519
4.866000	0.003497
4.867000	0.003474
4.868000	0.003452
4.869000	0.003429
4.870000	0.003407
4.871000	0.003384
4.872000	0.003361
4.873000	0.003339
4.874000	0.003316
4.875000	0.003293
4.876000	0.003271
4.877000	0.003248
4.878000	0.003225
4.879000	0.003202
4.880000	0.003180
4.881000	0.003157
4.882000	0.003134
4.883000	0.003111
4.884000	0.003088
4.885000	0.003065
4.886000	0.003042
4.887000	0.003019
4.888000	0.002996
4.889000	0.002973
4.890000	0.002950
4.891000	0.002927
4.892000	0.002904
4.893000	0.002881
4.894000	0.002858
4.895000	0.002834
4.896000	0.002811
4.897000	0.002788
4.898000	0.002765
4.899000	0.002742
4.900000	0.002718
4.901000	0.002695
4.902000	0.002672
4.903000	0.002648
4.904000	0.002625
4.905000	0.002602
4.906000	0.002578
4.907000	0.002555
4.908000	0.002532
4.909000	0.002508
4.910000	0.002485
4.911000	0.002461
4.912000	0.002438
4.913000	0.002414
4.914000	0.002391
4.915000	0.002367
4.916000	0.002344
4.917000	0.002320
4.918000	0.002296
4.919000	0.002273
4.920000	0.002249
4.921000	0.002225
4.922000	0.002202
4.923000	0.002178
4.924000	0.002154
4.925000	0.002131
4.926000	0.002107
4.927000	0.002083
4.928000	0.002059
4.929000	0.002036
4.930000	0.002012
4.931000	0.001988
4.932000	0.001964
4.933000	0.001940
4.934000	0.001916
4.935000	0.001893
4.936000	0.001869
4.937000	0.001845
4.938000	0.001821
4.939000	0.001797
4.940000	0.001773
4.941000	0.001749
4.942000	0.001725
4.943000	0.001701
4.944000	0.001677
4.945000	0.001653
4.946000	0.001629
4.947000	0.001605
4.948000	0.001581
4.949000	0.001557
4.950000	0.001533
4.951000	0.001509
4.952000	0.001485
4.953000	0.001460
4.954000	0.001436
4.955000	0.001412
4.956000	0.001388
4.957000	0.001364
4.958000	0.001340
4.959000	0.001315
4.960000	0.001291
4.961000	0.001267
4.962000	0.001243
4.963000	0.001219
4.964000	0.001194
4.965000	0.001170
4.966000	0.001146
4.967000	0.001122
4.968000	0.001098
4.969000	0.001073
4.970000	0.001049
4.971000	0.001025
4.972000	0.001000
4.973000	0.000976
4.974000	0.000952
4.975000	0.000927
4.976000	0.000903
4.977000	0.000879
4.978000	0.000854
4.979000	0.000830
4.980000	0.000806
4.981000	0.000781
4.982000	0.000757
4.983000	0.000733
4.984000	0.000708
4.985000	0.000684
4.986000	0.000659
4.987000	0.000635
4.988000	0.000611
4.989000	0.000586
4.990000	0.000562
4.991000	0.000537
4.992000	0.000513
4.993000	0.000488
4.994000	0.000464
4.995000	0.000440
4.996000	0.000415
4.997000	0.000391
4.998000	0.000366
4.999000	0.000342
