0.001000	0.100000
0.002000	0.100000
0.003000	0.100000
0.004000	0.100000
0.005000	0.100000
0.006000	0.100000
0.007000	0.100000
0.008000	0.100000
0.009000	0.100000
0.010000	0.100000
0.011000	0.100000
0.012000	0.100000
0.013000	0.100000
0.014000	0.100000
0.015000	0.100000
0.016000	0.100000
0.017000	0.100000
0.018000	0.100000
0.019000	0.100000
0.020000	0.100000
0.021000	0.100000
0.022000	0.100000
0.023000	0.100000
0.024000	0.100000
0.025000	0.100000
0.026000	0.100000
0.027000	0.100000
0.028000	0.100000
0.029000	0.100000
0.030000	0.100000
0.031000	0.100000
0.032000	0.100000
0.033000	0.100000
0.034000	0.100000
0.035000	0.100000
0.036000	0.100000
0.037000	0.100000
0.038000	0.100000
0.039000	0.100000
0.040000	0.100000
0.041000	0.100000
0.042000	0.100000
0.043000	0.100000
0.044000	0.100000
0.045000	0.100000
0.046000	0.100000
0.047000	0.100000
0.048000	0.100000
0.049000	0.100000
0.050000	0.100000
0.051000	0.100000
0.052000	0.100000
0.053000	0.100000
0.054000	0.100000
0.055000	0.100000
0.056000	0.100000
0.057000	0.100000
0.058000	0.100000
0.059000	0.100000
0.060000	0.100000
0.061000	0.100000
0.062000	0.100001
0.063000	0.100001
0.064000	0.100001
0.065000	0.100001
0.066000	0.100001
0.067000	0.100001
0.068000	0.100001
0.069000	0.100001
0.070000	0.100001
0.071000	0.100001
0.072000	0.100001
0.073000	0.100002
0.074000	0.100002
0.075000	0.100002
0.076000	0.100002
0.077000	0.100002
0.078000	0.100002
0.079000	0.100002
0.080000	0.100002
0.081000	0.100002
0.082000	0.100002
0.083000	0.100003
0.084000	0.100003
0.085000	0.100004
0.086000	0.100004
0.087000	0.100004
0.088000	0.100004
0.089000	0.100004
0.090000	0.100004
0.091000	0.100005
0.092000	0.100005
0.093000	0.100005
0.094000	0.100005
0.095000	0.100006
0.096000	0.100006
0.097000	0.100006
0.098000	0.100006
0.099000	0.100006
0.100000	0.100006
0.101000	0.100006
0.102000	0.100007
0.103000	0.100007
0.104000	0.100007
0.105000	0.100008
0.106000	0.100009
0.107000	0.100009
0.108000	0.100010
0.109000	0.100010
0.110000	0.100010
0.111000	0.100010
0.112000	0.100010
0.113000	0.100010
0.114000	0.100011
0.115000	0.100011
0.116000	0.100012
0.117000	0.100012
0.118000	0.100012
0.119000	0.100012
0.120000	0.100012
0.121000	0.100012
0.122000	0.100012
0.123000	0.100012
0.124000	0.100013
0.125000	0.100013
0.126000	0.100014
0.127000	0.100014
0.128000	0.100014
0.129000	0.100015
0.130000	0.100015
0.131000	0.100015
0.132000	0.100015
0.133000	0.100015
0.134000	0.100015
0.135000	0.100015
0.136000	0.100016
0.137000	0.100016
0.138000	0.100016
0.139000	0.100016
0.140000	0.100016
0.141000	0.100016
0.142000	0.100016
0.143000	0.100016
0.144000	0.100016
0.145000	0.100016
0.146000	0.100017
0.147000	0.100017
0.148000	0.100017
0.149000	0.100017
0.150000	0.100017
0.151000	0.100017
0.152000	0.100017
0.153000	0.100017
0.154000	0.100017
0.155000	0.100017
0.156000	0.100017
0.157000	0.100017
0.158000	0.100017
0.159000	0.100017
0.160000	0.100017
0.161000	0.100017
0.162000	0.100017
0.163000	0.100017
0.164000	0.100017
0.165000	0.100017
0.166000	0.100017
0.167000	0.100017
0.168000	0.100017
0.169000	0.100017
0.170000	0.100017
0.171000	0.100017
0.172000	0.100017
0.173000	0.100017
0.174000	0.100017
0.175000	0.100017
0.176000	0.100017
0.177000	0.100017
0.178000	0.100017
0.179000	0.100017
0.180000	0.100017
0.181000	0.100017
0.182000	0.100017
0.183000	0.100017
0.184000	0.100017
0.185000	0.100017
0.186000	0.100017
0.187000	0.100017
0.188000	0.100017
0.189000	0.100017
0.190000	0.100017
0.191000	0.100017
0.192000	0.100017
0.193000	0.100017
0.194000	0.100017
0.195000	0.100017
0.196000	0.100017
0.197000	0.100017
0.198000	0.100017
0.199000	0.100017
0.200000	0.100017
0.201000	0.100017
0.202000	0.100017
0.203000	0.100017
0.204000	0.100017
0.205000	0.100017
0.206000	0.100017
0.207000	0.100017
0.208000	0.100017
0.209000	0.100017
0.210000	0.100017
0.211000	0.100017
0.212000	0.100017
0.213000	0.100017
0.214000	0.100017
0.215000	0.100017
0.216000	0.100017
0.217000	0.100017
0.218000	0.100017
0.219000	0.100017
0.220000	0.100017
0.221000	0.100017
0.222000	0.100017
0.223000	0.100017
0.224000	0.100017
0.225000	0.100017
0.226000	0.100017
0.227000	0.100017
0.228000	0.100017
0.229000	0.100017
0.230000	0.100017
0.231000	0.100017
0.232000	0.100017
0.233000	0.100017
0.234000	0.100017
0.235000	0.100017
0.236000	0.100017
0.237000	0.100017
0.238000	0.100017
0.239000	0.100017
0.240000	0.100017
0.241000	0.100017
0.242000	0.100017
0.243000	0.100017
0.244000	0.100017
0.245000	0.100017
0.246000	0.100017
0.247000	0.100017
0.248000	0.100017
0.249000	0.100017
0.250000	0.100017
0.251000	0.100017
0.252000	0.100017
0.253000	0.100017
0.254000	0.100017
0.255000	0.100017
0.256000	0.100017
0.257000	0.100017
0.258000	0.100017
0.259000	0.100017
0.260000	0.100017
0.261000	0.100017
0.262000	0.100017
0.263000	0.100017
0.264000	0.100017
0.265000	0.100017
0.266000	0.100017
0.267000	0.100017
0.268000	0.100017
0.269000	0.100017
0.270000	0.100017
0.271000	0.100017
0.272000	0.100017
0.273000	0.100017
0.274000	0.100017
0.275000	0.100017
0.276000	0.100017
0.277000	0.100017
0.278000	0.100017
0.279000	0.100017
0.280000	0.100017
0.281000	0.100017
0.282000	0.100017
0.283000	0.100017
0.284000	0.100017
0.285000	0.100017
0.286000	0.100017
0.287000	0.100017
0.288000	0.100017
0.289000	0.100017
0.290000	0.100017
0.291000	0.100017
0.292000	0.100017
0.293000	0.100017
0.294000	0.100017
0.295000	0.100017
0.296000	0.100017
0.297000	0.100017
0.298000	0.100017
0.299000	0.100017
0.300000	0.100017
0.301000	0.100017
0.302000	0.100017
0.303000	0.100017
0.304000	0.100017
0.305000	0.100017
0.306000	0.100017
0.307000	0.100017
0.308000	0.100017
0.309000	0.100017
0.310000	0.100017
0.311000	0.100017
0.312000	0.100017
0.313000	0.100017
0.314000	0.100017
0.315000	0.100017
0.316000	0.100017
0.317000	0.100017
0.318000	0.100017
0.319000	0.100017
0.320000	0.100017
0.321000	0.100017
0.322000	0.100017
0.323000	0.100017
0.324000	0.100017
0.325000	0.100017
0.326000	0.100017
0.327000	0.100017
0.328000	0.100017
0.329000	0.100017
0.330000	0.100017
0.331000	0.100017
0.332000	0.100017
0.333000	0.100017
0.334000	0.100017
0.335000	0.100017
0.336000	0.100017
0.337000	0.100017
0.338000	0.100017
0.339000	0.100017
0.340000	0.100017
0.341000	0.100017
0.342000	0.100017
0.343000	0.100017
0.344000	0.100017
0.345000	0.100017
0.346000	0.100017
0.347000	0.100017
0.348000	0.100017
0.349000	0.100017
0.350000	0.100017
0.351000	0.100017
0.352000	0.100017
0.353000	0.100017
0.354000	0.100017
0.355000	0.100017
0.356000	0.100017
0.357000	0.100017
0.358000	0.100017
0.359000	0.100017
0.360000	0.100017
0.361000	0.100017
0.362000	0.100017
0.363000	0.100017
0.364000	0.100017
0.365000	0.100017
0.366000	0.100017
0.367000	0.100017
0.368000	0.100017
0.369000	0.100017
0.370000	0.100017
0.371000	0.100017
0.372000	0.100017
0.373000	0.100017
0.374000	0.100017
0.375000	0.100017
0.376000	0.100017
0.377000	0.100017
0.378000	0.100017
0.379000	0.100017
0.380000	0.100017
0.381000	0.100017
0.382000	0.100017
0.383000	0.100017
0.384000	0.100017
0.385000	0.100017
0.386000	0.100017
0.387000	0.100017
0.388000	0.100017
0.389000	0.100017
0.390000	0.100017
0.391000	0.100017
0.392000	0.100017
0.393000	0.100017
0.394000	0.100017
0.395000	0.100017
0.396000	0.100017
0.397000	0.100017
0.398000	0.100017
0.399000	0.100017
0.400000	0.100017
0.401000	0.100017
0.402000	0.100017
0.403000	0.100017
0.404000	0.100017
0.405000	0.100017
0.406000	0.100017
0.407000	0.100017
0.408000	0.100017
0.409000	0.100017
0.410000	0.100017
0.411000	0.100017
0.412000	0.100017
0.413000	0.100017
0.414000	0.100017
0.415000	0.100017
0.416000	0.100017
0.417000	0.100017
0.418000	0.100017
0.419000	0.100017
0.420000	0.100017
0.421000	0.100017
0.422000	0.100017
0.423000	0.100017
0.424000	0.100017
0.425000	0.100017
0.426000	0.100017
0.427000	0.100017
0.428000	0.100017
0.429000	0.100017
0.430000	0.100017
0.431000	0.100017
0.432000	0.100017
0.433000	0.100017
0.434000	0.100017
0.435000	0.100017
0.436000	0.100017
0.437000	0.100017
0.438000	0.100017
0.439000	0.100017
0.440000	0.100017
0.441000	0.100017
0.442000	0.100017
0.443000	0.100017
0.444000	0.100017
0.445000	0.100017
0.446000	0.100017
0.447000	0.100017
0.448000	0.100017
0.449000	0.100017
0.450000	0.100017
0.451000	0.100017
0.452000	0.100017
0.453000	0.100017
0.454000	0.100017
0.455000	0.100017
0.456000	0.100017
0.457000	0.100017
0.458000	0.100017
0.459000	0.100017
0.460000	0.100017
0.461000	0.100017
0.462000	0.100017
0.463000	0.100017
0.464000	0.100017
0.465000	0.100017
0.466000	0.100017
0.467000	0.100017
0.468000	0.100017
0.469000	0.100017
0.470000	0.100017
0.471000	0.100017
0.472000	0.100017
0.473000	0.100017
0.474000	0.100017
0.475000	0.100017
0.476000	0.100017
0.477000	0.100017
0.478000	0.100017
0.479000	0.100017
0.480000	0.100017
0.481000	0.100017
0.482000	0.100017
0.483000	0.100017
0.484000	0.100017
0.485000	0.100017
0.486000	0.100017
0.487000	0.100017
0.488000	0.100017
0.489000	0.100017
0.490000	0.100017
0.491000	0.100017
0.492000	0.100017
0.493000	0.100017
0.494000	0.100017
0.495000	0.100017
0.496000	0.100017
0.497000	0.100017
0.498000	0.100017
0.499000	0.100017
0.500000	0.100017
0.501000	0.100017
0.502000	0.100017
0.503000	0.100017
0.504000	0.100017
0.505000	0.100017
0.506000	0.100017
0.507000	0.100017
0.508000	0.100017
0.509000	0.100017
0.510000	0.100017
0.511000	0.100017
0.512000	0.100017
0.513000	0.100017
0.514000	0.100017
0.515000	0.100017
0.516000	0.100017
0.517000	0.100017
0.518000	0.100017
0.519000	0.100017
0.520000	0.100017
0.521000	0.100017
0.522000	0.100017
0.523000	0.100017
0.524000	0.100017
0.525000	0.100017
0.526000	0.100017
0.527000	0.100017
0.528000	0.100017
0.529000	0.100017
0.530000	0.100017
0.531000	0.100017
0.532000	0.100017
0.533000	0.100017
0.534000	0.100017
0.535000	0.100017
0.536000	0.100017
0.537000	0.100017
0.538000	0.100017
0.539000	0.100017
0.540000	0.100017
0.541000	0.100017
0.542000	0.100017
0.543000	0.100017
0.544000	0.100017
0.545000	0.100017
0.546000	0.100017
0.547000	0.100017
0.548000	0.100017
0.549000	0.100017
0.550000	0.100017
0.551000	0.100017
0.552000	0.100017
0.553000	0.100017
0.554000	0.100017
0.555000	0.100017
0.556000	0.100017
0.557000	0.100017
0.558000	0.100017
0.559000	0.100017
0.560000	0.100017
0.561000	0.100017
0.562000	0.100017
0.563000	0.100017
0.564000	0.100017
0.565000	0.100017
0.566000	0.100017
0.567000	0.100017
0.568000	0.100017
0.569000	0.100017
0.570000	0.100017
0.571000	0.100017
0.572000	0.100017
0.573000	0.100017
0.574000	0.100017
0.575000	0.100017
0.576000	0.100017
0.577000	0.100017
0.578000	0.100017
0.579000	0.100017
0.580000	0.100017
0.581000	0.100017
0.582000	0.100017
0.583000	0.100017
0.584000	0.100017
0.585000	0.100017
0.586000	0.100017
0.587000	0.100017
0.588000	0.100017
0.589000	0.100017
0.590000	0.100017
0.591000	0.100017
0.592000	0.100017
0.593000	0.100017
0.594000	0.100017
0.595000	0.100017
0.596000	0.100017
0.597000	0.100017
0.598000	0.100017
0.599000	0.100017
0.600000	0.100017
0.601000	0.100017
0.602000	0.100017
0.603000	0.100017
0.604000	0.100017
0.605000	0.100017
0.606000	0.100017
0.607000	0.100017
0.608000	0.100017
0.609000	0.100017
0.610000	0.100017
0.611000	0.100017
0.612000	0.100017
0.613000	0.100017
0.614000	0.100017
0.615000	0.100017
0.616000	0.100017
0.617000	0.100017
0.618000	0.100017
0.619000	0.100017
0.620000	0.100017
0.621000	0.100017
0.622000	0.100017
0.623000	0.100017
0.624000	0.100017
0.625000	0.100017
0.626000	0.100017
0.627000	0.100017
0.628000	0.100017
0.629000	0.100017
0.630000	0.100017
0.631000	0.100017
0.632000	0.100017
0.633000	0.100017
0.634000	0.100017
0.635000	0.100017
0.636000	0.100017
0.637000	0.100017
0.638000	0.100017
0.639000	0.100017
0.640000	0.100017
0.641000	0.100017
0.642000	0.100017
0.643000	0.100017
0.644000	0.100017
0.645000	0.100017
0.646000	0.100017
0.647000	0.100017
0.648000	0.100017
0.649000	0.100017
0.650000	0.100017
0.651000	0.100017
0.652000	0.100017
0.653000	0.100017
0.654000	0.100017
0.655000	0.100017
0.656000	0.100017
0.657000	0.100017
0.658000	0.100017
0.659000	0.100017
0.660000	0.100017
0.661000	0.100017
0.662000	0.100017
0.663000	0.100017
0.664000	0.100017
0.665000	0.100017
0.666000	0.100017
0.667000	0.100017
0.668000	0.100017
0.669000	0.100017
0.670000	0.100017
0.671000	0.100017
0.672000	0.100017
0.673000	0.100017
0.674000	0.100017
0.675000	0.100017
0.676000	0.100017
0.677000	0.100017
0.678000	0.100017
0.679000	0.100017
0.680000	0.100017
0.681000	0.100017
0.682000	0.100017
0.683000	0.100017
0.684000	0.100017
0.685000	0.100017
0.686000	0.100017
0.687000	0.100017
0.688000	0.100017
0.689000	0.100017
0.690000	0.100017
0.691000	0.100017
0.692000	0.100017
0.693000	0.100017
0.694000	0.100017
0.695000	0.100017
0.696000	0.100017
0.697000	0.100017
0.698000	0.100017
0.699000	0.100017
0.700000	0.100017
0.701000	0.100017
0.702000	0.100017
0.703000	0.100017
0.704000	0.100017
0.705000	0.100017
0.706000	0.100017
0.707000	0.100017
0.708000	0.100017
0.709000	0.100017
0.710000	0.100017
0.711000	0.100017
0.712000	0.100017
0.713000	0.100017
0.714000	0.100017
0.715000	0.100017
0.716000	0.100017
0.717000	0.100017
0.718000	0.100017
0.719000	0.100017
0.720000	0.100017
0.721000	0.100017
0.722000	0.100017
0.723000	0.100017
0.724000	0.100017
0.725000	0.100017
0.726000	0.100017
0.727000	0.100017
0.728000	0.100017
0.729000	0.100017
0.730000	0.100017
0.731000	0.100017
0.732000	0.100017
0.733000	0.100017
0.734000	0.100017
0.735000	0.100017
0.736000	0.100017
0.737000	0.100017
0.738000	0.100017
0.739000	0.100017
0.740000	0.100017
0.741000	0.100017
0.742000	0.100017
0.743000	0.100017
0.744000	0.100017
0.745000	0.100017
0.746000	0.100017
0.747000	0.100017
0.748000	0.100017
0.749000	0.100017
0.750000	0.100017
0.751000	0.100017
0.752000	0.100017
0.753000	0.100017
0.754000	0.100017
0.755000	0.100017
0.756000	0.100017
0.757000	0.100017
0.758000	0.100017
0.759000	0.100017
0.760000	0.100017
0.761000	0.100017
0.762000	0.100017
0.763000	0.100017
0.764000	0.100017
0.765000	0.100017
0.766000	0.100017
0.767000	0.100017
0.768000	0.100017
0.769000	0.100017
0.770000	0.100017
0.771000	0.100017
0.772000	0.100017
0.773000	0.100017
0.774000	0.100017
0.775000	0.100017
0.776000	0.100017
0.777000	0.100017
0.778000	0.100017
0.779000	0.100017
0.780000	0.100017
0.781000	0.100017
0.782000	0.100017
0.783000	0.100017
0.784000	0.100017
0.785000	0.100017
0.786000	0.100017
0.787000	0.100017
0.788000	0.100017
0.789000	0.100017
0.790000	0.100017
0.791000	0.100017
0.792000	0.100017
0.793000	0.100017
0.794000	0.100017
0.795000	0.100017
0.796000	0.100017
0.797000	0.100017
0.798000	0.100017
0.799000	0.100017
0.800000	0.100017
0.801000	0.100017
0.802000	0.100017
0.803000	0.100017
0.804000	0.100017
0.805000	0.100017
0.806000	0.100017
0.807000	0.100017
0.808000	0.100017
0.809000	0.100017
0.810000	0.100017
0.811000	0.100017
0.812000	0.100017
0.813000	0.100017
0.814000	0.100017
0.815000	0.100017
0.816000	0.100017
0.817000	0.100017
0.818000	0.100017
0.819000	0.100017
0.820000	0.100017
0.821000	0.100017
0.822000	0.100017
0.823000	0.100017
0.824000	0.100017
0.825000	0.100017
0.826000	0.100017
0.827000	0.100017
0.828000	0.100017
0.829000	0.100017
0.830000	0.100017
0.831000	0.100017
0.832000	0.100017
0.833000	0.100017
0.834000	0.100017
0.835000	0.100017
0.836000	0.100017
0.837000	0.100017
0.838000	0.100017
0.839000	0.100017
0.840000	0.100017
0.841000	0.100017
0.842000	0.100017
0.843000	0.100017
0.844000	0.100017
0.845000	0.100017
0.846000	0.100017
0.847000	0.100017
0.848000	0.100017
0.849000	0.100017
0.850000	0.100017
0.851000	0.100017
0.852000	0.100017
0.853000	0.100017
0.854000	0.100017
0.855000	0.100017
0.856000	0.100017
0.857000	0.100017
0.858000	0.100017
0.859000	0.100017
0.860000	0.100017
0.861000	0.100017
0.862000	0.100017
0.863000	0.100017
0.864000	0.100017
0.865000	0.100017
0.866000	0.100017
0.867000	0.100017
0.868000	0.100017
0.869000	0.100017
0.870000	0.100017
0.871000	0.100017
0.872000	0.100017
0.873000	0.100017
0.874000	0.100017
0.875000	0.100017
0.876000	0.100017
0.877000	0.100017
0.878000	0.100017
0.879000	0.100017
0.880000	0.100017
0.881000	0.100017
0.882000	0.100017
0.883000	0.100017
0.884000	0.100017
0.885000	0.100017
0.886000	0.100017
0.887000	0.100017
0.888000	0.100017
0.889000	0.100017
0.890000	0.100017
0.891000	0.100017
0.892000	0.100017
0.893000	0.100017
0.894000	0.100017
0.895000	0.100017
0.896000	0.100017
0.897000	0.100017
0.898000	0.100017
0.899000	0.100017
0.900000	0.100017
0.901000	0.100017
0.902000	0.100017
0.903000	0.100017
0.904000	0.100017
0.905000	0.100017
0.906000	0.100017
0.907000	0.100017
0.908000	0.100017
0.909000	0.100017
0.910000	0.100017
0.911000	0.100017
0.912000	0.100017
0.913000	0.100017
0.914000	0.100017
0.915000	0.100017
0.916000	0.100017
0.917000	0.100017
0.918000	0.100017
0.919000	0.100017
0.920000	0.100017
0.921000	0.100017
0.922000	0.100017
0.923000	0.100017
0.924000	0.100017
0.925000	0.100017
0.926000	0.100017
0.927000	0.100017
0.928000	0.100017
0.929000	0.100017
0.930000	0.100017
0.931000	0.100017
0.932000	0.100017
0.933000	0.100017
0.934000	0.100017
0.935000	0.100017
0.936000	0.100017
0.937000	0.100017
0.938000	0.100017
0.939000	0.100017
0.940000	0.100017
0.941000	0.100017
0.942000	0.100017
0.943000	0.100017
0.944000	0.100017
0.945000	0.100017
0.946000	0.100017
0.947000	0.100017
0.948000	0.100017
0.949000	0.100017
0.950000	0.100017
0.951000	0.100017
0.952000	0.100017
0.953000	0.100017
0.954000	0.100017
0.955000	0.100017
0.956000	0.100017
0.957000	0.100017
0.958000	0.100017
0.959000	0.100017
0.960000	0.100017
0.961000	0.100017
0.962000	0.100017
0.963000	0.100017
0.964000	0.100017
0.965000	0.100017
0.966000	0.100017
0.967000	0.100017
0.968000	0.100017
0.969000	0.100017
0.970000	0.100017
0.971000	0.100017
0.972000	0.100017
0.973000	0.100017
0.974000	0.100017
0.975000	0.100017
0.976000	0.100017
0.977000	0.100017
0.978000	0.100017
0.979000	0.100017
0.980000	0.100017
0.981000	0.100017
0.982000	0.100017
0.983000	0.100017
0.984000	0.100017
0.985000	0.100017
0.986000	0.100017
0.987000	0.100017
0.988000	0.100017
0.989000	0.100017
0.990000	0.100017
0.991000	0.100017
0.992000	0.100017
0.993000	0.100017
0.994000	0.100017
0.995000	0.100017
0.996000	0.100017
0.997000	0.100017
0.998000	0.100017
0.999000	0.100017
1.000000	0.100017
1.001000	0.100017
1.002000	0.100017
1.003000	0.100017
1.004000	0.100017
1.005000	0.100017
1.006000	0.100017
1.007000	0.100017
1.008000	0.100017
1.009000	0.100017
1.010000	0.100017
1.011000	0.100017
1.012000	0.100017
1.013000	0.100017
1.014000	0.100017
1.015000	0.100017
1.016000	0.100017
1.017000	0.100017
1.018000	0.100017
1.019000	0.100017
1.020000	0.100017
1.021000	0.100017
1.022000	0.100017
1.023000	0.100017
1.024000	0.100017
1.025000	0.100017
1.026000	0.100017
1.027000	0.100017
1.028000	0.100017
1.029000	0.100017
1.030000	0.100017
1.031000	0.100017
1.032000	0.100017
1.033000	0.100017
1.034000	0.100017
1.035000	0.100017
1.036000	0.100017
1.037000	0.100017
1.038000	0.100017
1.039000	0.100017
1.040000	0.100017
1.041000	0.100017
1.042000	0.100017
1.043000	0.100017
1.044000	0.100017
1.045000	0.100017
1.046000	0.100017
1.047000	0.100017
1.048000	0.100017
1.049000	0.100017
1.050000	0.100017
1.051000	0.100017
1.052000	0.100017
1.053000	0.100017
1.054000	0.100017
1.055000	0.100017
1.056000	0.100017
1.057000	0.100017
1.058000	0.100017
1.059000	0.100017
1.060000	0.100017
1.061000	0.100017
1.062000	0.100017
1.063000	0.100017
1.064000	0.100017
1.065000	0.100017
1.066000	0.100017
1.067000	0.100017
1.068000	0.100017
1.069000	0.100017
1.070000	0.100017
1.071000	0.100017
1.072000	0.100017
1.073000	0.100017
1.074000	0.100017
1.075000	0.100017
1.076000	0.100017
1.077000	0.100017
1.078000	0.100017
1.079000	0.100017
1.080000	0.100017
1.081000	0.100017
1.082000	0.100017
1.083000	0.100017
1.084000	0.100017
1.085000	0.100017
1.086000	0.100017
1.087000	0.100017
1.088000	0.100017
1.089000	0.100017
1.090000	0.100017
1.091000	0.100017
1.092000	0.100017
1.093000	0.100017
1.094000	0.100017
1.095000	0.100017
1.096000	0.100017
1.097000	0.100017
1.098000	0.100017
1.099000	0.100017
1.100000	0.100017
1.101000	0.100017
1.102000	0.100017
1.103000	0.100017
1.104000	0.100017
1.105000	0.100017
1.106000	0.100017
1.107000	0.100017
1.108000	0.100017
1.109000	0.100017
1.110000	0.100017
1.111000	0.100017
1.112000	0.100017
1.113000	0.100017
1.114000	0.100017
1.115000	0.100017
1.116000	0.100017
1.117000	0.100017
1.118000	0.100017
1.119000	0.100017
1.120000	0.100017
1.121000	0.100017
1.122000	0.100017
1.123000	0.100017
1.124000	0.100017
1.125000	0.100017
1.126000	0.100017
1.127000	0.100017
1.128000	0.100017
1.129000	0.100017
1.130000	0.100017
1.131000	0.100017
1.132000	0.100017
1.133000	0.100017
1.134000	0.100017
1.135000	0.100017
1.136000	0.100017
1.137000	0.100017
1.138000	0.100017
1.139000	0.100017
1.140000	0.100017
1.141000	0.100017
1.142000	0.100017
1.143000	0.100017
1.144000	0.100017
1.145000	0.100017
1.146000	0.100017
1.147000	0.100017
1.148000	0.100017
1.149000	0.100017
1.150000	0.100017
1.151000	0.100017
1.152000	0.100017
1.153000	0.100017
1.154000	0.100017
1.155000	0.100017
1.156000	0.100017
1.157000	0.100017
1.158000	0.100017
1.159000	0.100017
1.160000	0.100017
1.161000	0.100017
1.162000	0.100017
1.163000	0.100017
1.164000	0.100017
1.165000	0.100017
1.166000	0.100017
1.167000	0.100017
1.168000	0.100017
1.169000	0.100017
1.170000	0.100017
1.171000	0.100017
1.172000	0.100017
1.173000	0.100017
1.174000	0.100017
1.175000	0.100017
1.176000	0.100017
1.177000	0.100017
1.178000	0.100017
1.179000	0.100017
1.180000	0.100017
1.181000	0.100017
1.182000	0.100017
1.183000	0.100017
1.184000	0.100017
1.185000	0.100017
1.186000	0.100017
1.187000	0.100017
1.188000	0.100017
1.189000	0.100017
1.190000	0.100017
1.191000	0.100017
1.192000	0.100017
1.193000	0.100017
1.194000	0.100017
1.195000	0.100017
1.196000	0.100017
1.197000	0.100017
1.198000	0.100017
1.199000	0.100017
1.200000	0.100017
1.201000	0.100017
1.202000	0.100017
1.203000	0.100017
1.204000	0.100017
1.205000	0.100017
1.206000	0.100017
1.207000	0.100017
1.208000	0.100017
1.209000	0.100017
1.210000	0.100017
1.211000	0.100017
1.212000	0.100017
1.213000	0.100017
1.214000	0.100017
1.215000	0.100017
1.216000	0.100017
1.217000	0.100017
1.218000	0.100017
1.219000	0.100017
1.220000	0.100017
1.221000	0.100017
1.222000	0.100017
1.223000	0.100017
1.224000	0.100017
1.225000	0.100017
1.226000	0.100017
1.227000	0.100017
1.228000	0.100017
1.229000	0.100017
1.230000	0.100017
1.231000	0.100017
1.232000	0.100017
1.233000	0.100017
1.234000	0.100017
1.235000	0.100017
1.236000	0.100017
1.237000	0.100017
1.238000	0.100017
1.239000	0.100017
1.240000	0.100017
1.241000	0.100017
1.242000	0.100017
1.243000	0.100017
1.244000	0.100017
1.245000	0.100017
1.246000	0.100017
1.247000	0.100017
1.248000	0.100017
1.249000	0.100017
1.250000	0.100017
1.251000	0.100017
1.252000	0.100017
1.253000	0.100017
1.254000	0.100017
1.255000	0.100017
1.256000	0.100017
1.257000	0.100017
1.258000	0.100017
1.259000	0.100017
1.260000	0.100017
1.261000	0.100017
1.262000	0.100017
1.263000	0.100017
1.264000	0.100017
1.265000	0.100017
1.266000	0.100017
1.267000	0.100017
1.268000	0.100017
1.269000	0.100017
1.270000	0.100017
1.271000	0.100017
1.272000	0.100017
1.273000	0.100017
1.274000	0.100017
1.275000	0.100017
1.276000	0.100017
1.277000	0.100017
1.278000	0.100017
1.279000	0.100017
1.280000	0.100017
1.281000	0.100017
1.282000	0.100017
1.283000	0.100017
1.284000	0.100017
1.285000	0.100017
1.286000	0.100017
1.287000	0.100017
1.288000	0.100017
1.289000	0.100017
1.290000	0.100017
1.291000	0.100017
1.292000	0.100017
1.293000	0.100017
1.294000	0.100017
1.295000	0.100017
1.296000	0.100017
1.297000	0.100017
1.298000	0.100017
1.299000	0.100017
1.300000	0.100017
1.301000	0.100017
1.302000	0.100017
1.303000	0.100017
1.304000	0.100017
1.305000	0.100017
1.306000	0.100017
1.307000	0.100017
1.308000	0.100017
1.309000	0.100017
1.310000	0.100017
1.311000	0.100017
1.312000	0.100017
1.313000	0.100017
1.314000	0.100017
1.315000	0.100017
1.316000	0.100017
1.317000	0.100017
1.318000	0.100017
1.319000	0.100017
1.320000	0.100017
1.321000	0.100017
1.322000	0.100017
1.323000	0.100017
1.324000	0.100017
1.325000	0.100017
1.326000	0.100017
1.327000	0.100017
1.328000	0.100017
1.329000	0.100017
1.330000	0.100017
1.331000	0.100017
1.332000	0.100017
1.333000	0.100017
1.334000	0.100017
1.335000	0.100017
1.336000	0.100017
1.337000	0.100017
1.338000	0.100017
1.339000	0.100017
1.340000	0.100017
1.341000	0.100017
1.342000	0.100017
1.343000	0.100017
1.344000	0.100017
1.345000	0.100017
1.346000	0.100017
1.347000	0.100017
1.348000	0.100017
1.349000	0.100017
1.350000	0.100017
1.351000	0.100017
1.352000	0.100017
1.353000	0.100017
1.354000	0.100017
1.355000	0.100017
1.356000	0.100017
1.357000	0.100017
1.358000	0.100017
1.359000	0.100017
1.360000	0.100017
1.361000	0.100017
1.362000	0.100017
1.363000	0.100017
1.364000	0.100017
1.365000	0.100017
1.366000	0.100017
1.367000	0.100017
1.368000	0.100017
1.369000	0.100017
1.370000	0.100017
1.371000	0.100017
1.372000	0.100017
1.373000	0.100017
1.374000	0.100017
1.375000	0.100017
1.376000	0.100017
1.377000	0.100017
1.378000	0.100017
1.379000	0.100017
1.380000	0.100017
1.381000	0.100017
1.382000	0.100017
1.383000	0.100017
1.384000	0.100017
1.385000	0.100017
1.386000	0.100017
1.387000	0.100017
1.388000	0.100017
1.389000	0.100017
1.390000	0.100017
1.391000	0.100017
1.392000	0.100017
1.393000	0.100017
1.394000	0.100017
1.395000	0.100017
1.396000	0.100017
1.397000	0.100017
1.398000	0.100017
1.399000	0.100017
1.400000	0.100017
1.401000	0.100017
1.402000	0.100017
1.403000	0.100017
1.404000	0.100017
1.405000	0.100017
1.406000	0.100017
1.407000	0.100017
1.408000	0.100017
1.409000	0.100017
1.410000	0.100017
1.411000	0.100017
1.412000	0.100017
1.413000	0.100017
1.414000	0.100017
1.415000	0.100017
1.416000	0.100017
1.417000	0.100017
1.418000	0.100017
1.419000	0.100017
1.420000	0.100017
1.421000	0.100017
1.422000	0.100017
1.423000	0.100017
1.424000	0.100017
1.425000	0.100017
1.426000	0.100017
1.427000	0.100017
1.428000	0.100017
1.429000	0.100017
1.430000	0.100017
1.431000	0.100017
1.432000	0.100017
1.433000	0.100017
1.434000	0.100017
1.435000	0.100017
1.436000	0.100017
1.437000	0.100017
1.438000	0.100017
1.439000	0.100017
1.440000	0.100017
1.441000	0.100017
1.442000	0.100017
1.443000	0.100017
1.444000	0.100017
1.445000	0.100017
1.446000	0.100017
1.447000	0.100017
1.448000	0.100017
1.449000	0.100017
1.450000	0.100017
1.451000	0.100017
1.452000	0.100017
1.453000	0.100017
1.454000	0.100017
1.455000	0.100017
1.456000	0.100017
1.457000	0.100017
1.458000	0.100017
1.459000	0.100017
1.460000	0.100017
1.461000	0.100017
1.462000	0.100017
1.463000	0.100017
1.464000	0.100017
1.465000	0.100017
1.466000	0.100017
1.467000	0.100017
1.468000	0.100017
1.469000	0.100017
1.470000	0.100017
1.471000	0.100017
1.472000	0.100017
1.473000	0.100017
1.474000	0.100017
1.475000	0.100017
1.476000	0.100017
1.477000	0.100017
1.478000	0.100017
1.479000	0.100017
1.480000	0.100017
1.481000	0.100017
1.482000	0.100017
1.483000	0.100017
1.484000	0.100017
1.485000	0.100017
1.486000	0.100017
1.487000	0.100017
1.488000	0.100017
1.489000	0.100017
1.490000	0.100017
1.491000	0.100017
1.492000	0.100017
1.493000	0.100017
1.494000	0.100017
1.495000	0.100017
1.496000	0.100017
1.497000	0.100017
1.498000	0.100017
1.499000	0.100017
1.500000	0.100017
1.501000	0.100017
1.502000	0.100017
1.503000	0.100017
1.504000	0.100017
1.505000	0.100017
1.506000	0.100017
1.507000	0.100017
1.508000	0.100017
1.509000	0.100017
1.510000	0.100017
1.511000	0.100017
1.512000	0.100017
1.513000	0.100017
1.514000	0.100017
1.515000	0.100017
1.516000	0.100017
1.517000	0.100017
1.518000	0.100017
1.519000	0.100017
1.520000	0.100017
1.521000	0.100017
1.522000	0.100017
1.523000	0.100017
1.524000	0.100017
1.525000	0.100017
1.526000	0.100017
1.527000	0.100017
1.528000	0.100017
1.529000	0.100017
1.530000	0.100017
1.531000	0.100017
1.532000	0.100017
1.533000	0.100017
1.534000	0.100017
1.535000	0.100017
1.536000	0.100017
1.537000	0.100017
1.538000	0.100017
1.539000	0.100017
1.540000	0.100017
1.541000	0.100017
1.542000	0.100017
1.543000	0.100017
1.544000	0.100017
1.545000	0.100017
1.546000	0.100017
1.547000	0.100017
1.548000	0.100017
1.549000	0.100017
1.550000	0.100017
1.551000	0.100017
1.552000	0.100017
1.553000	0.100017
1.554000	0.100017
1.555000	0.100017
1.556000	0.100017
1.557000	0.100017
1.558000	0.100017
1.559000	0.100017
1.560000	0.100017
1.561000	0.100017
1.562000	0.100017
1.563000	0.100017
1.564000	0.100017
1.565000	0.100017
1.566000	0.100017
1.567000	0.100017
1.568000	0.100017
1.569000	0.100017
1.570000	0.100017
1.571000	0.100017
1.572000	0.100017
1.573000	0.100017
1.574000	0.100017
1.575000	0.100017
1.576000	0.100017
1.577000	0.100017
1.578000	0.100017
1.579000	0.100017
1.580000	0.100017
1.581000	0.100017
1.582000	0.100017
1.583000	0.100017
1.584000	0.100017
1.585000	0.100017
1.586000	0.100017
1.587000	0.100017
1.588000	0.100017
1.589000	0.100017
1.590000	0.100017
1.591000	0.100017
1.592000	0.100017
1.593000	0.100017
1.594000	0.100017
1.595000	0.100017
1.596000	0.100017
1.597000	0.100017
1.598000	0.100017
1.599000	0.100017
1.600000	0.100017
1.601000	0.100017
1.602000	0.100017
1.603000	0.100017
1.604000	0.100017
1.605000	0.100017
1.606000	0.100017
1.607000	0.100017
1.608000	0.100017
1.609000	0.100017
1.610000	0.100017
1.611000	0.100017
1.612000	0.100017
1.613000	0.100017
1.614000	0.100017
1.615000	0.100017
1.616000	0.100017
1.617000	0.100017
1.618000	0.100017
1.619000	0.100017
1.620000	0.100017
1.621000	0.100017
1.622000	0.100017
1.623000	0.100017
1.624000	0.100017
1.625000	0.100017
1.626000	0.100017
1.627000	0.100017
1.628000	0.100017
1.629000	0.100017
1.630000	0.100017
1.631000	0.100017
1.632000	0.100017
1.633000	0.100017
1.634000	0.100017
1.635000	0.100017
1.636000	0.100017
1.637000	0.100017
1.638000	0.100017
1.639000	0.100017
1.640000	0.100017
1.641000	0.100017
1.642000	0.100017
1.643000	0.100017
1.644000	0.100017
1.645000	0.100017
1.646000	0.100017
1.647000	0.100017
1.648000	0.100017
1.649000	0.100017
1.650000	0.100017
1.651000	0.100017
1.652000	0.100017
1.653000	0.100017
1.654000	0.100017
1.655000	0.100017
1.656000	0.100017
1.657000	0.100017
1.658000	0.100017
1.659000	0.100017
1.660000	0.100017
1.661000	0.100017
1.662000	0.100017
1.663000	0.100017
1.664000	0.100017
1.665000	0.100017
1.666000	0.100017
1.667000	0.100017
1.668000	0.100017
1.669000	0.100017
1.670000	0.100017
1.671000	0.100017
1.672000	0.100017
1.673000	0.100017
1.674000	0.100017
1.675000	0.100017
1.676000	0.100017
1.677000	0.100017
1.678000	0.100017
1.679000	0.100017
1.680000	0.100017
1.681000	0.100017
1.682000	0.100017
1.683000	0.100017
1.684000	0.100017
1.685000	0.100017
1.686000	0.100017
1.687000	0.100017
1.688000	0.100017
1.689000	0.100017
1.690000	0.100017
1.691000	0.100017
1.692000	0.100017
1.693000	0.100017
1.694000	0.100017
1.695000	0.100017
1.696000	0.100017
1.697000	0.100017
1.698000	0.100017
1.699000	0.100017
1.700000	0.100017
1.701000	0.100017
1.702000	0.100017
1.703000	0.100017
1.704000	0.100017
1.705000	0.100017
1.706000	0.100017
1.707000	0.100017
1.708000	0.100017
1.709000	0.100017
1.710000	0.100017
1.711000	0.100017
1.712000	0.100017
1.713000	0.100017
1.714000	0.100017
1.715000	0.100017
1.716000	0.100017
1.717000	0.100017
1.718000	0.100017
1.719000	0.100017
1.720000	0.100017
1.721000	0.100017
1.722000	0.100017
1.723000	0.100017
1.724000	0.100017
1.725000	0.100017
1.726000	0.100017
1.727000	0.100017
1.728000	0.100017
1.729000	0.100017
1.730000	0.100017
1.731000	0.100017
1.732000	0.100017
1.733000	0.100017
1.734000	0.100017
1.735000	0.100017
1.736000	0.100017
1.737000	0.100017
1.738000	0.100017
1.739000	0.100017
1.740000	0.100017
1.741000	0.100017
1.742000	0.100017
1.743000	0.100017
1.744000	0.100017
1.745000	0.100017
1.746000	0.100017
1.747000	0.100017
1.748000	0.100017
1.749000	0.100017
1.750000	0.100017
1.751000	0.100017
1.752000	0.100017
1.753000	0.100017
1.754000	0.100017
1.755000	0.100017
1.756000	0.100017
1.757000	0.100017
1.758000	0.100017
1.759000	0.100017
1.760000	0.100017
1.761000	0.100017
1.762000	0.100017
1.763000	0.100017
1.764000	0.100017
1.765000	0.100017
1.766000	0.100017
1.767000	0.100017
1.768000	0.100017
1.769000	0.100017
1.770000	0.100017
1.771000	0.100017
1.772000	0.100017
1.773000	0.100017
1.774000	0.100017
1.775000	0.100017
1.776000	0.100017
1.777000	0.100017
1.778000	0.100017
1.779000	0.100017
1.780000	0.100017
1.781000	0.100017
1.782000	0.100017
1.783000	0.100017
1.784000	0.100017
1.785000	0.100017
1.786000	0.100017
1.787000	0.100017
1.788000	0.100017
1.789000	0.100017
1.790000	0.100017
1.791000	0.100017
1.792000	0.100017
1.793000	0.100017
1.794000	0.100017
1.795000	0.100017
1.796000	0.100017
1.797000	0.100017
1.798000	0.100017
1.799000	0.100017
1.800000	0.100017
1.801000	0.100017
1.802000	0.100017
1.803000	0.100017
1.804000	0.100017
1.805000	0.100017
1.806000	0.100017
1.807000	0.100017
1.808000	0.100017
1.809000	0.100017
1.810000	0.100017
1.811000	0.100017
1.812000	0.100017
1.813000	0.100017
1.814000	0.100017
1.815000	0.100017
1.816000	0.100017
1.817000	0.100017
1.818000	0.100017
1.819000	0.100017
1.820000	0.100017
1.821000	0.100017
1.822000	0.100017
1.823000	0.100017
1.824000	0.100017
1.825000	0.100017
1.826000	0.100017
1.827000	0.100017
1.828000	0.100017
1.829000	0.100017
1.830000	0.100017
1.831000	0.100017
1.832000	0.100017
1.833000	0.100017
1.834000	0.100017
1.835000	0.100017
1.836000	0.100017
1.837000	0.100017
1.838000	0.100017
1.839000	0.100017
1.840000	0.100017
1.841000	0.100017
1.842000	0.100017
1.843000	0.100017
1.844000	0.100017
1.845000	0.100017
1.846000	0.100017
1.847000	0.100017
1.848000	0.100017
1.849000	0.100017
1.850000	0.100017
1.851000	0.100017
1.852000	0.100017
1.853000	0.100017
1.854000	0.100017
1.855000	0.100017
1.856000	0.100017
1.857000	0.100017
1.858000	0.100017
1.859000	0.100017
1.860000	0.100017
1.861000	0.100017
1.862000	0.100017
1.863000	0.100017
1.864000	0.100017
1.865000	0.100017
1.866000	0.100017
1.867000	0.100017
1.868000	0.100017
1.869000	0.100017
1.870000	0.100017
1.871000	0.100017
1.872000	0.100017
1.873000	0.100017
1.874000	0.100017
1.875000	0.100017
1.876000	0.100017
1.877000	0.100017
1.878000	0.100017
1.879000	0.100017
1.880000	0.100017
1.881000	0.100017
1.882000	0.100017
1.883000	0.100017
1.884000	0.100017
1.885000	0.100017
1.886000	0.100017
1.887000	0.100017
1.888000	0.100017
1.889000	0.100017
1.890000	0.100017
1.891000	0.100017
1.892000	0.100017
1.893000	0.100017
1.894000	0.100017
1.895000	0.100017
1.896000	0.100017
1.897000	0.100017
1.898000	0.100017
1.899000	0.100017
1.900000	0.100017
1.901000	0.100017
1.902000	0.100017
1.903000	0.100017
1.904000	0.100017
1.905000	0.100017
1.906000	0.100017
1.907000	0.100017
1.908000	0.100017
1.909000	0.100017
1.910000	0.100017
1.911000	0.100017
1.912000	0.100017
1.913000	0.100017
1.914000	0.100017
1.915000	0.100017
1.916000	0.100017
1.917000	0.100017
1.918000	0.100017
1.919000	0.100017
1.920000	0.100017
1.921000	0.100017
1.922000	0.100017
1.923000	0.100017
1.924000	0.100017
1.925000	0.100017
1.926000	0.100017
1.927000	0.100017
1.928000	0.100017
1.929000	0.100017
1.930000	0.100017
1.931000	0.100017
1.932000	0.100017
1.933000	0.100017
1.934000	0.100017
1.935000	0.100017
1.936000	0.100017
1.937000	0.100017
1.938000	0.100017
1.939000	0.100017
1.940000	0.100017
1.941000	0.100017
1.942000	0.100017
1.943000	0.100017
1.944000	0.100017
1.945000	0.100017
1.946000	0.100017
1.947000	0.100017
1.948000	0.100017
1.949000	0.100017
1.950000	0.100017
1.951000	0.100017
1.952000	0.100017
1.953000	0.100017
1.954000	0.100017
1.955000	0.100017
1.956000	0.100017
1.957000	0.100017
1.958000	0.100017
1.959000	0.100017
1.960000	0.100017
1.961000	0.100017
1.962000	0.100017
1.963000	0.100017
1.964000	0.100017
1.965000	0.100017
1.966000	0.100017
1.967000	0.100017
1.968000	0.100017
1.969000	0.100017
1.970000	0.100017
1.971000	0.100017
1.972000	0.100017
1.973000	0.100017
1.974000	0.100017
1.975000	0.100017
1.976000	0.100017
1.977000	0.100017
1.978000	0.100017
1.979000	0.100017
1.980000	0.100017
1.981000	0.100017
1.982000	0.100017
1.983000	0.100017
1.984000	0.100017
1.985000	0.100017
1.986000	0.100017
1.987000	0.100017
1.988000	0.100017
1.989000	0.100017
1.990000	0.100017
1.991000	0.100017
1.992000	0.100017
1.993000	0.100017
1.994000	0.100017
1.995000	0.100017
1.996000	0.100017
1.997000	0.100017
1.998000	0.100017
1.999000	0.100017
2.000000	0.100017
2.001000	0.100017
2.002000	0.100017
2.003000	0.100017
2.004000	0.100017
2.005000	0.100017
2.006000	0.100017
2.007000	0.100017
2.008000	0.100017
2.009000	0.100017
2.010000	0.100017
2.011000	0.100017
2.012000	0.100017
2.013000	0.100017
2.014000	0.100017
2.015000	0.100017
2.016000	0.100017
2.017000	0.100017
2.018000	0.100017
2.019000	0.100017
2.020000	0.100017
2.021000	0.100017
2.022000	0.100017
2.023000	0.100017
2.024000	0.100017
2.025000	0.100017
2.026000	0.100017
2.027000	0.100017
2.028000	0.100017
2.029000	0.100017
2.030000	0.100017
2.031000	0.100017
2.032000	0.100017
2.033000	0.100017
2.034000	0.100017
2.035000	0.100017
2.036000	0.100017
2.037000	0.100017
2.038000	0.100017
2.039000	0.100017
2.040000	0.100017
2.041000	0.100017
2.042000	0.100017
2.043000	0.100017
2.044000	0.100017
2.045000	0.100017
2.046000	0.100017
2.047000	0.100017
2.048000	0.100017
2.049000	0.100017
2.050000	0.100017
2.051000	0.100017
2.052000	0.100017
2.053000	0.100017
2.054000	0.100017
2.055000	0.100017
2.056000	0.100017
2.057000	0.100017
2.058000	0.100017
2.059000	0.100017
2.060000	0.100017
2.061000	0.100017
2.062000	0.100017
2.063000	0.100017
2.064000	0.100017
2.065000	0.100017
2.066000	0.100017
2.067000	0.100017
2.068000	0.100017
2.069000	0.100017
2.070000	0.100017
2.071000	0.100017
2.072000	0.100017
2.073000	0.100017
2.074000	0.100017
2.075000	0.100017
2.076000	0.100017
2.077000	0.100017
2.078000	0.100017
2.079000	0.100017
2.080000	0.100017
2.081000	0.100017
2.082000	0.100017
2.083000	0.100017
2.084000	0.100017
2.085000	0.100017
2.086000	0.100017
2.087000	0.100017
2.088000	0.100017
2.089000	0.100017
2.090000	0.100017
2.091000	0.100017
2.092000	0.100017
2.093000	0.100017
2.094000	0.100017
2.095000	0.100017
2.096000	0.100017
2.097000	0.100017
2.098000	0.100017
2.099000	0.100017
2.100000	0.100017
2.101000	0.100017
2.102000	0.100017
2.103000	0.100017
2.104000	0.100017
2.105000	0.100017
2.106000	0.100017
2.107000	0.100017
2.108000	0.100017
2.109000	0.100017
2.110000	0.100017
2.111000	0.100017
2.112000	0.100017
2.113000	0.100017
2.114000	0.100017
2.115000	0.100017
2.116000	0.100017
2.117000	0.100017
2.118000	0.100017
2.119000	0.100017
2.120000	0.100017
2.121000	0.100017
2.122000	0.100017
2.123000	0.100017
2.124000	0.100017
2.125000	0.100017
2.126000	0.100017
2.127000	0.100017
2.128000	0.100017
2.129000	0.100017
2.130000	0.100017
2.131000	0.100017
2.132000	0.100017
2.133000	0.100017
2.134000	0.100017
2.135000	0.100017
2.136000	0.100017
2.137000	0.100017
2.138000	0.100017
2.139000	0.100017
2.140000	0.100017
2.141000	0.100017
2.142000	0.100017
2.143000	0.100017
2.144000	0.100017
2.145000	0.100017
2.146000	0.100017
2.147000	0.100017
2.148000	0.100017
2.149000	0.100017
2.150000	0.100017
2.151000	0.100017
2.152000	0.100017
2.153000	0.100017
2.154000	0.100017
2.155000	0.100017
2.156000	0.100017
2.157000	0.100017
2.158000	0.100017
2.159000	0.100017
2.160000	0.100017
2.161000	0.100017
2.162000	0.100017
2.163000	0.100017
2.164000	0.100017
2.165000	0.100017
2.166000	0.100017
2.167000	0.100017
2.168000	0.100017
2.169000	0.100017
2.170000	0.100017
2.171000	0.100017
2.172000	0.100017
2.173000	0.100017
2.174000	0.100017
2.175000	0.100017
2.176000	0.100017
2.177000	0.100017
2.178000	0.100017
2.179000	0.100017
2.180000	0.100017
2.181000	0.100017
2.182000	0.100017
2.183000	0.100017
2.184000	0.100017
2.185000	0.100017
2.186000	0.100017
2.187000	0.100017
2.188000	0.100017
2.189000	0.100017
2.190000	0.100017
2.191000	0.100017
2.192000	0.100017
2.193000	0.100017
2.194000	0.100017
2.195000	0.100017
2.196000	0.100017
2.197000	0.100017
2.198000	0.100017
2.199000	0.100017
2.200000	0.100017
2.201000	0.100017
2.202000	0.100017
2.203000	0.100017
2.204000	0.100017
2.205000	0.100017
2.206000	0.100017
2.207000	0.100017
2.208000	0.100017
2.209000	0.100017
2.210000	0.100017
2.211000	0.100017
2.212000	0.100017
2.213000	0.100017
2.214000	0.100017
2.215000	0.100017
2.216000	0.100017
2.217000	0.100017
2.218000	0.100017
2.219000	0.100017
2.220000	0.100017
2.221000	0.100017
2.222000	0.100017
2.223000	0.100017
2.224000	0.100017
2.225000	0.100017
2.226000	0.100017
2.227000	0.100017
2.228000	0.100017
2.229000	0.100017
2.230000	0.100017
2.231000	0.100017
2.232000	0.100017
2.233000	0.100017
2.234000	0.100017
2.235000	0.100017
2.236000	0.100017
2.237000	0.100017
2.238000	0.100017
2.239000	0.100017
2.240000	0.100017
2.241000	0.100017
2.242000	0.100017
2.243000	0.100017
2.244000	0.100017
2.245000	0.100017
2.246000	0.100017
2.247000	0.100017
2.248000	0.100017
2.249000	0.100017
2.250000	0.100017
2.251000	0.100017
2.252000	0.100017
2.253000	0.100017
2.254000	0.100017
2.255000	0.100017
2.256000	0.100017
2.257000	0.100017
2.258000	0.100017
2.259000	0.100017
2.260000	0.100017
2.261000	0.100017
2.262000	0.100017
2.263000	0.100017
2.264000	0.100017
2.265000	0.100017
2.266000	0.100017
2.267000	0.100017
2.268000	0.100017
2.269000	0.100017
2.270000	0.100017
2.271000	0.100017
2.272000	0.100017
2.273000	0.100017
2.274000	0.100017
2.275000	0.100017
2.276000	0.100017
2.277000	0.100017
2.278000	0.100017
2.279000	0.100017
2.280000	0.100017
2.281000	0.100017
2.282000	0.100017
2.283000	0.100017
2.284000	0.100017
2.285000	0.100017
2.286000	0.100017
2.287000	0.100017
2.288000	0.100017
2.289000	0.100017
2.290000	0.100017
2.291000	0.100017
2.292000	0.100017
2.293000	0.100017
2.294000	0.100017
2.295000	0.100017
2.296000	0.100017
2.297000	0.100017
2.298000	0.100017
2.299000	0.100017
2.300000	0.100017
2.301000	0.100017
2.302000	0.100017
2.303000	0.100017
2.304000	0.100017
2.305000	0.100017
2.306000	0.100017
2.307000	0.100017
2.308000	0.100017
2.309000	0.100017
2.310000	0.100017
2.311000	0.100017
2.312000	0.100017
2.313000	0.100017
2.314000	0.100017
2.315000	0.100017
2.316000	0.100017
2.317000	0.100017
2.318000	0.100017
2.319000	0.100017
2.320000	0.100017
2.321000	0.100017
2.322000	0.100017
2.323000	0.100017
2.324000	0.100017
2.325000	0.100017
2.326000	0.100017
2.327000	0.100017
2.328000	0.100017
2.329000	0.100017
2.330000	0.100017
2.331000	0.100017
2.332000	0.100017
2.333000	0.100017
2.334000	0.100017
2.335000	0.100017
2.336000	0.100017
2.337000	0.100017
2.338000	0.100017
2.339000	0.100017
2.340000	0.100017
2.341000	0.100017
2.342000	0.100017
2.343000	0.100017
2.344000	0.100017
2.345000	0.100017
2.346000	0.100017
2.347000	0.100017
2.348000	0.100017
2.349000	0.100017
2.350000	0.100017
2.351000	0.100017
2.352000	0.100017
2.353000	0.100017
2.354000	0.100017
2.355000	0.100017
2.356000	0.100017
2.357000	0.100017
2.358000	0.100017
2.359000	0.100017
2.360000	0.100017
2.361000	0.100017
2.362000	0.100017
2.363000	0.100017
2.364000	0.100017
2.365000	0.100017
2.366000	0.100017
2.367000	0.100017
2.368000	0.100017
2.369000	0.100017
2.370000	0.100017
2.371000	0.100017
2.372000	0.100017
2.373000	0.100017
2.374000	0.100017
2.375000	0.100017
2.376000	0.100017
2.377000	0.100017
2.378000	0.100017
2.379000	0.100017
2.380000	0.100017
2.381000	0.100017
2.382000	0.100017
2.383000	0.100017
2.384000	0.100017
2.385000	0.100017
2.386000	0.100017
2.387000	0.100017
2.388000	0.100017
2.389000	0.100017
2.390000	0.100017
2.391000	0.100017
2.392000	0.100017
2.393000	0.100017
2.394000	0.100017
2.395000	0.100017
2.396000	0.100017
2.397000	0.100017
2.398000	0.100017
2.399000	0.100017
2.400000	0.100017
2.401000	0.100017
2.402000	0.100017
2.403000	0.100017
2.404000	0.100017
2.405000	0.100017
2.406000	0.100017
2.407000	0.100017
2.408000	0.100017
2.409000	0.100017
2.410000	0.100017
2.411000	0.100017
2.412000	0.100017
2.413000	0.100017
2.414000	0.100017
2.415000	0.100017
2.416000	0.100017
2.417000	0.100017
2.418000	0.100017
2.419000	0.100017
2.420000	0.100017
2.421000	0.100017
2.422000	0.100017
2.423000	0.100017
2.424000	0.100017
2.425000	0.100017
2.426000	0.100017
2.427000	0.100017
2.428000	0.100017
2.429000	0.100017
2.430000	0.100017
2.431000	0.100017
2.432000	0.100017
2.433000	0.100017
2.434000	0.100017
2.435000	0.100017
2.436000	0.100017
2.437000	0.100017
2.438000	0.100017
2.439000	0.100017
2.440000	0.100017
2.441000	0.100017
2.442000	0.100017
2.443000	0.100017
2.444000	0.100017
2.445000	0.100017
2.446000	0.100017
2.447000	0.100017
2.448000	0.100017
2.449000	0.100017
2.450000	0.100017
2.451000	0.100017
2.452000	0.100017
2.453000	0.100017
2.454000	0.100017
2.455000	0.100017
2.456000	0.100017
2.457000	0.100017
2.458000	0.100017
2.459000	0.100017
2.460000	0.100017
2.461000	0.100017
2.462000	0.100017
2.463000	0.100017
2.464000	0.100017
2.465000	0.100017
2.466000	0.100017
2.467000	0.100017
2.468000	0.100017
2.469000	0.100017
2.470000	0.100017
2.471000	0.100017
2.472000	0.100017
2.473000	0.100017
2.474000	0.100017
2.475000	0.100017
2.476000	0.100017
2.477000	0.100017
2.478000	0.100017
2.479000	0.100017
2.480000	0.100017
2.481000	0.100017
2.482000	0.100017
2.483000	0.100017
2.484000	0.100017
2.485000	0.100017
2.486000	0.100017
2.487000	0.100017
2.488000	0.100017
2.489000	0.100017
2.490000	0.100017
2.491000	0.100017
2.492000	0.100017
2.493000	0.100017
2.494000	0.100017
2.495000	0.100017
2.496000	0.100017
2.497000	0.100017
2.498000	0.100017
2.499000	0.100017
2.500000	0.100017
2.501000	0.100017
2.502000	0.100017
2.503000	0.100017
2.504000	0.100017
2.505000	0.100017
2.506000	0.100017
2.507000	0.100017
2.508000	0.100017
2.509000	0.100017
2.510000	0.100017
2.511000	0.100017
2.512000	0.100017
2.513000	0.100017
2.514000	0.100017
2.515000	0.100017
2.516000	0.100017
2.517000	0.100017
2.518000	0.100017
2.519000	0.100017
2.520000	0.100017
2.521000	0.100017
2.522000	0.100017
2.523000	0.100017
2.524000	0.100017
2.525000	0.100017
2.526000	0.100017
2.527000	0.100017
2.528000	0.100017
2.529000	0.100017
2.530000	0.100017
2.531000	0.100017
2.532000	0.100017
2.533000	0.100017
2.534000	0.100017
2.535000	0.100017
2.536000	0.100017
2.537000	0.100017
2.538000	0.100017
2.539000	0.100017
2.540000	0.100017
2.541000	0.100017
2.542000	0.100017
2.543000	0.100017
2.544000	0.100017
2.545000	0.100017
2.546000	0.100017
2.547000	0.100017
2.548000	0.100017
2.549000	0.100017
2.550000	0.100017
2.551000	0.100017
2.552000	0.100017
2.553000	0.100017
2.554000	0.100017
2.555000	0.100017
2.556000	0.100017
2.557000	0.100017
2.558000	0.100017
2.559000	0.100017
2.560000	0.100017
2.561000	0.100017
2.562000	0.100017
2.563000	0.100017
2.564000	0.100017
2.565000	0.100017
2.566000	0.100017
2.567000	0.100017
2.568000	0.100017
2.569000	0.100017
2.570000	0.100017
2.571000	0.100017
2.572000	0.100017
2.573000	0.100017
2.574000	0.100017
2.575000	0.100017
2.576000	0.100017
2.577000	0.100017
2.578000	0.100017
2.579000	0.100017
2.580000	0.100017
2.581000	0.100017
2.582000	0.100017
2.583000	0.100017
2.584000	0.100017
2.585000	0.100017
2.586000	0.100017
2.587000	0.100017
2.588000	0.100017
2.589000	0.100017
2.590000	0.100017
2.591000	0.100017
2.592000	0.100017
2.593000	0.100017
2.594000	0.100017
2.595000	0.100017
2.596000	0.100017
2.597000	0.100017
2.598000	0.100017
2.599000	0.100017
2.600000	0.100017
2.601000	0.100017
2.602000	0.100017
2.603000	0.100017
2.604000	0.100017
2.605000	0.100017
2.606000	0.100017
2.607000	0.100017
2.608000	0.100017
2.609000	0.100017
2.610000	0.100017
2.611000	0.100017
2.612000	0.100017
2.613000	0.100017
2.614000	0.100017
2.615000	0.100017
2.616000	0.100017
2.617000	0.100017
2.618000	0.100017
2.619000	0.100017
2.620000	0.100017
2.621000	0.100017
2.622000	0.100017
2.623000	0.100017
2.624000	0.100017
2.625000	0.100017
2.626000	0.100017
2.627000	0.100017
2.628000	0.100017
2.629000	0.100017
2.630000	0.100017
2.631000	0.100017
2.632000	0.100017
2.633000	0.100017
2.634000	0.100017
2.635000	0.100017
2.636000	0.100017
2.637000	0.100017
2.638000	0.100017
2.639000	0.100017
2.640000	0.100017
2.641000	0.100017
2.642000	0.100017
2.643000	0.100017
2.644000	0.100017
2.645000	0.100017
2.646000	0.100017
2.647000	0.100017
2.648000	0.100017
2.649000	0.100017
2.650000	0.100017
2.651000	0.100017
2.652000	0.100017
2.653000	0.100017
2.654000	0.100017
2.655000	0.100017
2.656000	0.100017
2.657000	0.100017
2.658000	0.100017
2.659000	0.100017
2.660000	0.100017
2.661000	0.100017
2.662000	0.100017
2.663000	0.100017
2.664000	0.100017
2.665000	0.100017
2.666000	0.100017
2.667000	0.100017
2.668000	0.100017
2.669000	0.100017
2.670000	0.100017
2.671000	0.100017
2.672000	0.100017
2.673000	0.100017
2.674000	0.100017
2.675000	0.100017
2.676000	0.100017
2.677000	0.100017
2.678000	0.100017
2.679000	0.100017
2.680000	0.100017
2.681000	0.100017
2.682000	0.100017
2.683000	0.100017
2.684000	0.100017
2.685000	0.100017
2.686000	0.100017
2.687000	0.100017
2.688000	0.100017
2.689000	0.100017
2.690000	0.100017
2.691000	0.100017
2.692000	0.100017
2.693000	0.100017
2.694000	0.100017
2.695000	0.100017
2.696000	0.100017
2.697000	0.100017
2.698000	0.100017
2.699000	0.100017
2.700000	0.100017
2.701000	0.100017
2.702000	0.100017
2.703000	0.100017
2.704000	0.100017
2.705000	0.100017
2.706000	0.100017
2.707000	0.100017
2.708000	0.100017
2.709000	0.100017
2.710000	0.100017
2.711000	0.100017
2.712000	0.100017
2.713000	0.100017
2.714000	0.100017
2.715000	0.100017
2.716000	0.100017
2.717000	0.100017
2.718000	0.100017
2.719000	0.100017
2.720000	0.100017
2.721000	0.100017
2.722000	0.100017
2.723000	0.100017
2.724000	0.100017
2.725000	0.100017
2.726000	0.100017
2.727000	0.100017
2.728000	0.100017
2.729000	0.100017
2.730000	0.100017
2.731000	0.100017
2.732000	0.100017
2.733000	0.100017
2.734000	0.100017
2.735000	0.100017
2.736000	0.100017
2.737000	0.100017
2.738000	0.100017
2.739000	0.100017
2.740000	0.100017
2.741000	0.100017
2.742000	0.100017
2.743000	0.100017
2.744000	0.100017
2.745000	0.100017
2.746000	0.100017
2.747000	0.100017
2.748000	0.100017
2.749000	0.100017
2.750000	0.100017
2.751000	0.100017
2.752000	0.100017
2.753000	0.100017
2.754000	0.100017
2.755000	0.100017
2.756000	0.100017
2.757000	0.100017
2.758000	0.100017
2.759000	0.100017
2.760000	0.100017
2.761000	0.100017
2.762000	0.100017
2.763000	0.100017
2.764000	0.100017
2.765000	0.100017
2.766000	0.100017
2.767000	0.100017
2.768000	0.100017
2.769000	0.100017
2.770000	0.100017
2.771000	0.100017
2.772000	0.100017
2.773000	0.100017
2.774000	0.100017
2.775000	0.100017
2.776000	0.100017
2.777000	0.100017
2.778000	0.100017
2.779000	0.100017
2.780000	0.100017
2.781000	0.100017
2.782000	0.100017
2.783000	0.100017
2.784000	0.100017
2.785000	0.100017
2.786000	0.100017
2.787000	0.100017
2.788000	0.100017
2.789000	0.100017
2.790000	0.100017
2.791000	0.100017
2.792000	0.100017
2.793000	0.100017
2.794000	0.100017
2.795000	0.100017
2.796000	0.100017
2.797000	0.100017
2.798000	0.100017
2.799000	0.100017
2.800000	0.100017
2.801000	0.100017
2.802000	0.100017
2.803000	0.100017
2.804000	0.100017
2.805000	0.100017
2.806000	0.100017
2.807000	0.100017
2.808000	0.100017
2.809000	0.100017
2.810000	0.100017
2.811000	0.100017
2.812000	0.100017
2.813000	0.100017
2.814000	0.100017
2.815000	0.100017
2.816000	0.100017
2.817000	0.100017
2.818000	0.100017
2.819000	0.100017
2.820000	0.100017
2.821000	0.100017
2.822000	0.100017
2.823000	0.100017
2.824000	0.100017
2.825000	0.100017
2.826000	0.100017
2.827000	0.100017
2.828000	0.100017
2.829000	0.100017
2.830000	0.100017
2.831000	0.100017
2.832000	0.100017
2.833000	0.100017
2.834000	0.100017
2.835000	0.100017
2.836000	0.100017
2.837000	0.100017
2.838000	0.100017
2.839000	0.100017
2.840000	0.100017
2.841000	0.100017
2.842000	0.100017
2.843000	0.100017
2.844000	0.100017
2.845000	0.100017
2.846000	0.100017
2.847000	0.100017
2.848000	0.100017
2.849000	0.100017
2.850000	0.100017
2.851000	0.100017
2.852000	0.100017
2.853000	0.100017
2.854000	0.100017
2.855000	0.100017
2.856000	0.100017
2.857000	0.100017
2.858000	0.100017
2.859000	0.100017
2.860000	0.100017
2.861000	0.100017
2.862000	0.100017
2.863000	0.100017
2.864000	0.100017
2.865000	0.100017
2.866000	0.100017
2.867000	0.100017
2.868000	0.100017
2.869000	0.100017
2.870000	0.100017
2.871000	0.100017
2.872000	0.100017
2.873000	0.100017
2.874000	0.100017
2.875000	0.100017
2.876000	0.100017
2.877000	0.100017
2.878000	0.100017
2.879000	0.100017
2.880000	0.100017
2.881000	0.100017
2.882000	0.100017
2.883000	0.100017
2.884000	0.100017
2.885000	0.100017
2.886000	0.100017
2.887000	0.100017
2.888000	0.100017
2.889000	0.100017
2.890000	0.100017
2.891000	0.100017
2.892000	0.100017
2.893000	0.100017
2.894000	0.100017
2.895000	0.100017
2.896000	0.100017
2.897000	0.100017
2.898000	0.100017
2.899000	0.100017
2.900000	0.100017
2.901000	0.100017
2.902000	0.100017
2.903000	0.100017
2.904000	0.100017
2.905000	0.100017
2.906000	0.100017
2.907000	0.100017
2.908000	0.100017
2.909000	0.100017
2.910000	0.100017
2.911000	0.100017
2.912000	0.100017
2.913000	0.100017
2.914000	0.100017
2.915000	0.100017
2.916000	0.100017
2.917000	0.100017
2.918000	0.100017
2.919000	0.100017
2.920000	0.100017
2.921000	0.100017
2.922000	0.100017
2.923000	0.100017
2.924000	0.100017
2.925000	0.100017
2.926000	0.100017
2.927000	0.100017
2.928000	0.100017
2.929000	0.100017
2.930000	0.100017
2.931000	0.100017
2.932000	0.100017
2.933000	0.100017
2.934000	0.100017
2.935000	0.100017
2.936000	0.100017
2.937000	0.100017
2.938000	0.100017
2.939000	0.100017
2.940000	0.100017
2.941000	0.100017
2.942000	0.100017
2.943000	0.100017
2.944000	0.100017
2.945000	0.100017
2.946000	0.100017
2.947000	0.100017
2.948000	0.100017
2.949000	0.100017
2.950000	0.100017
2.951000	0.100017
2.952000	0.100017
2.953000	0.100017
2.954000	0.100017
2.955000	0.100017
2.956000	0.100017
2.957000	0.100017
2.958000	0.100017
2.959000	0.100017
2.960000	0.100017
2.961000	0.100017
2.962000	0.100017
2.963000	0.100017
2.964000	0.100017
2.965000	0.100017
2.966000	0.100017
2.967000	0.100017
2.968000	0.100017
2.969000	0.100017
2.970000	0.100017
2.971000	0.100017
2.972000	0.100017
2.973000	0.100017
2.974000	0.100017
2.975000	0.100017
2.976000	0.100017
2.977000	0.100017
2.978000	0.100017
2.979000	0.100017
2.980000	0.100017
2.981000	0.100017
2.982000	0.100017
2.983000	0.100017
2.984000	0.100017
2.985000	0.100017
2.986000	0.100017
2.987000	0.100017
2.988000	0.100017
2.989000	0.100017
2.990000	0.100017
2.991000	0.100017
2.992000	0.100017
2.993000	0.100017
2.994000	0.100017
2.995000	0.100017
2.996000	0.100017
2.997000	0.100017
2.998000	0.100017
2.999000	0.100017
3.000000	0.100017
3.001000	0.100017
3.002000	0.100017
3.003000	0.100017
3.004000	0.100017
3.005000	0.100017
3.006000	0.100017
3.007000	0.100017
3.008000	0.100017
3.009000	0.100017
3.010000	0.100017
3.011000	0.100017
3.012000	0.100017
3.013000	0.100017
3.014000	0.100017
3.015000	0.100017
3.016000	0.100017
3.017000	0.100017
3.018000	0.100017
3.019000	0.100017
3.020000	0.100017
3.021000	0.100017
3.022000	0.100017
3.023000	0.100017
3.024000	0.100017
3.025000	0.100017
3.026000	0.100017
3.027000	0.100017
3.028000	0.100017
3.029000	0.100017
3.030000	0.100017
3.031000	0.100017
3.032000	0.100017
3.033000	0.100017
3.034000	0.100017
3.035000	0.100017
3.036000	0.100017
3.037000	0.100017
3.038000	0.100017
3.039000	0.100017
3.040000	0.100017
3.041000	0.100017
3.042000	0.100017
3.043000	0.100017
3.044000	0.100017
3.045000	0.100017
3.046000	0.100017
3.047000	0.100017
3.048000	0.100017
3.049000	0.100017
3.050000	0.100017
3.051000	0.100017
3.052000	0.100017
3.053000	0.100017
3.054000	0.100017
3.055000	0.100017
3.056000	0.100017
3.057000	0.100017
3.058000	0.100017
3.059000	0.100017
3.060000	0.100017
3.061000	0.100017
3.062000	0.100017
3.063000	0.100017
3.064000	0.100017
3.065000	0.100017
3.066000	0.100017
3.067000	0.100017
3.068000	0.100017
3.069000	0.100017
3.070000	0.100017
3.071000	0.100017
3.072000	0.100017
3.073000	0.100017
3.074000	0.100017
3.075000	0.100017
3.076000	0.100017
3.077000	0.100017
3.078000	0.100017
3.079000	0.100017
3.080000	0.100017
3.081000	0.100017
3.082000	0.100017
3.083000	0.100017
3.084000	0.100017
3.085000	0.100017
3.086000	0.100017
3.087000	0.100017
3.088000	0.100017
3.089000	0.100017
3.090000	0.100017
3.091000	0.100017
3.092000	0.100017
3.093000	0.100017
3.094000	0.100017
3.095000	0.100017
3.096000	0.100017
3.097000	0.100017
3.098000	0.100017
3.099000	0.100017
3.100000	0.100017
3.101000	0.100017
3.102000	0.100017
3.103000	0.100017
3.104000	0.100017
3.105000	0.100017
3.106000	0.100017
3.107000	0.100017
3.108000	0.100017
3.109000	0.100017
3.110000	0.100017
3.111000	0.100017
3.112000	0.100017
3.113000	0.100017
3.114000	0.100017
3.115000	0.100017
3.116000	0.100017
3.117000	0.100017
3.118000	0.100017
3.119000	0.100017
3.120000	0.100017
3.121000	0.100017
3.122000	0.100017
3.123000	0.100017
3.124000	0.100017
3.125000	0.100017
3.126000	0.100017
3.127000	0.100017
3.128000	0.100017
3.129000	0.100017
3.130000	0.100017
3.131000	0.100017
3.132000	0.100017
3.133000	0.100017
3.134000	0.100017
3.135000	0.100017
3.136000	0.100017
3.137000	0.100017
3.138000	0.100017
3.139000	0.100017
3.140000	0.100017
3.141000	0.100017
3.142000	0.100017
3.143000	0.100017
3.144000	0.100017
3.145000	0.100017
3.146000	0.100017
3.147000	0.100017
3.148000	0.100017
3.149000	0.100017
3.150000	0.100017
3.151000	0.100017
3.152000	0.100017
3.153000	0.100017
3.154000	0.100017
3.155000	0.100017
3.156000	0.100017
3.157000	0.100017
3.158000	0.100017
3.159000	0.100017
3.160000	0.100017
3.161000	0.100017
3.162000	0.100017
3.163000	0.100017
3.164000	0.100017
3.165000	0.100017
3.166000	0.100017
3.167000	0.100017
3.168000	0.100017
3.169000	0.100017
3.170000	0.100017
3.171000	0.100017
3.172000	0.100017
3.173000	0.100017
3.174000	0.100017
3.175000	0.100017
3.176000	0.100017
3.177000	0.100017
3.178000	0.100017
3.179000	0.100017
3.180000	0.100017
3.181000	0.100017
3.182000	0.100017
3.183000	0.100017
3.184000	0.100017
3.185000	0.100017
3.186000	0.100017
3.187000	0.100017
3.188000	0.100017
3.189000	0.100017
3.190000	0.100017
3.191000	0.100017
3.192000	0.100017
3.193000	0.100017
3.194000	0.100017
3.195000	0.100017
3.196000	0.100017
3.197000	0.100017
3.198000	0.100017
3.199000	0.100017
3.200000	0.100017
3.201000	0.100017
3.202000	0.100017
3.203000	0.100017
3.204000	0.100017
3.205000	0.100017
3.206000	0.100017
3.207000	0.100017
3.208000	0.100017
3.209000	0.100017
3.210000	0.100017
3.211000	0.100017
3.212000	0.100017
3.213000	0.100017
3.214000	0.100017
3.215000	0.100017
3.216000	0.100017
3.217000	0.100017
3.218000	0.100017
3.219000	0.100017
3.220000	0.100017
3.221000	0.100017
3.222000	0.100017
3.223000	0.100017
3.224000	0.100017
3.225000	0.100017
3.226000	0.100017
3.227000	0.100017
3.228000	0.100017
3.229000	0.100017
3.230000	0.100017
3.231000	0.100017
3.232000	0.100017
3.233000	0.100017
3.234000	0.100017
3.235000	0.100017
3.236000	0.100017
3.237000	0.100017
3.238000	0.100017
3.239000	0.100017
3.240000	0.100017
3.241000	0.100017
3.242000	0.100017
3.243000	0.100017
3.244000	0.100017
3.245000	0.100017
3.246000	0.100017
3.247000	0.100017
3.248000	0.100017
3.249000	0.100017
3.250000	0.100017
3.251000	0.100017
3.252000	0.100017
3.253000	0.100017
3.254000	0.100017
3.255000	0.100017
3.256000	0.100017
3.257000	0.100017
3.258000	0.100017
3.259000	0.100017
3.260000	0.100017
3.261000	0.100017
3.262000	0.100017
3.263000	0.100017
3.264000	0.100017
3.265000	0.100017
3.266000	0.100017
3.267000	0.100017
3.268000	0.100017
3.269000	0.100017
3.270000	0.100017
3.271000	0.100017
3.272000	0.100017
3.273000	0.100017
3.274000	0.100017
3.275000	0.100017
3.276000	0.100017
3.277000	0.100017
3.278000	0.100017
3.279000	0.100017
3.280000	0.100017
3.281000	0.100017
3.282000	0.100017
3.283000	0.100017
3.284000	0.100017
3.285000	0.100017
3.286000	0.100017
3.287000	0.100017
3.288000	0.100017
3.289000	0.100017
3.290000	0.100017
3.291000	0.100017
3.292000	0.100017
3.293000	0.100017
3.294000	0.100017
3.295000	0.100017
3.296000	0.100017
3.297000	0.100017
3.298000	0.100017
3.299000	0.100017
3.300000	0.100017
3.301000	0.100017
3.302000	0.100017
3.303000	0.100017
3.304000	0.100017
3.305000	0.100017
3.306000	0.100017
3.307000	0.100017
3.308000	0.100017
3.309000	0.100017
3.310000	0.100017
3.311000	0.100017
3.312000	0.100017
3.313000	0.100017
3.314000	0.100017
3.315000	0.100017
3.316000	0.100017
3.317000	0.100017
3.318000	0.100017
3.319000	0.100017
3.320000	0.100017
3.321000	0.100017
3.322000	0.100017
3.323000	0.100017
3.324000	0.100017
3.325000	0.100017
3.326000	0.100017
3.327000	0.100017
3.328000	0.100017
3.329000	0.100017
3.330000	0.100017
3.331000	0.100017
3.332000	0.100017
3.333000	0.100017
3.334000	0.100017
3.335000	0.100017
3.336000	0.100017
3.337000	0.100017
3.338000	0.100017
3.339000	0.100017
3.340000	0.100017
3.341000	0.100017
3.342000	0.100017
3.343000	0.100017
3.344000	0.100017
3.345000	0.100017
3.346000	0.100017
3.347000	0.100017
3.348000	0.100017
3.349000	0.100017
3.350000	0.100017
3.351000	0.100017
3.352000	0.100017
3.353000	0.100017
3.354000	0.100017
3.355000	0.100017
3.356000	0.100017
3.357000	0.100017
3.358000	0.100017
3.359000	0.100017
3.360000	0.100017
3.361000	0.100017
3.362000	0.100017
3.363000	0.100017
3.364000	0.100017
3.365000	0.100017
3.366000	0.100017
3.367000	0.100017
3.368000	0.100017
3.369000	0.100017
3.370000	0.100017
3.371000	0.100017
3.372000	0.100017
3.373000	0.100017
3.374000	0.100017
3.375000	0.100017
3.376000	0.100017
3.377000	0.100017
3.378000	0.100017
3.379000	0.100017
3.380000	0.100017
3.381000	0.100017
3.382000	0.100017
3.383000	0.100017
3.384000	0.100017
3.385000	0.100017
3.386000	0.100017
3.387000	0.100017
3.388000	0.100017
3.389000	0.100017
3.390000	0.100017
3.391000	0.100017
3.392000	0.100017
3.393000	0.100017
3.394000	0.100017
3.395000	0.100017
3.396000	0.100017
3.397000	0.100017
3.398000	0.100017
3.399000	0.100017
3.400000	0.100017
3.401000	0.100017
3.402000	0.100017
3.403000	0.100017
3.404000	0.100017
3.405000	0.100017
3.406000	0.100017
3.407000	0.100017
3.408000	0.100017
3.409000	0.100017
3.410000	0.100017
3.411000	0.100017
3.412000	0.100017
3.413000	0.100017
3.414000	0.100017
3.415000	0.100017
3.416000	0.100017
3.417000	0.100017
3.418000	0.100017
3.419000	0.100017
3.420000	0.100017
3.421000	0.100017
3.422000	0.100017
3.423000	0.100017
3.424000	0.100017
3.425000	0.100017
3.426000	0.100017
3.427000	0.100017
3.428000	0.100017
3.429000	0.100017
3.430000	0.100017
3.431000	0.100017
3.432000	0.100017
3.433000	0.100017
3.434000	0.100017
3.435000	0.100017
3.436000	0.100017
3.437000	0.100017
3.438000	0.100017
3.439000	0.100017
3.440000	0.100017
3.441000	0.100017
3.442000	0.100017
3.443000	0.100017
3.444000	0.100017
3.445000	0.100017
3.446000	0.100017
3.447000	0.100017
3.448000	0.100017
3.449000	0.100017
3.450000	0.100017
3.451000	0.100017
3.452000	0.100017
3.453000	0.100017
3.454000	0.100017
3.455000	0.100017
3.456000	0.100017
3.457000	0.100017
3.458000	0.100017
3.459000	0.100017
3.460000	0.100017
3.461000	0.100017
3.462000	0.100017
3.463000	0.100017
3.464000	0.100017
3.465000	0.100017
3.466000	0.100017
3.467000	0.100017
3.468000	0.100017
3.469000	0.100017
3.470000	0.100017
3.471000	0.100017
3.472000	0.100017
3.473000	0.100017
3.474000	0.100017
3.475000	0.100017
3.476000	0.100017
3.477000	0.100017
3.478000	0.100017
3.479000	0.100017
3.480000	0.100017
3.481000	0.100017
3.482000	0.100017
3.483000	0.100017
3.484000	0.100017
3.485000	0.100017
3.486000	0.100017
3.487000	0.100017
3.488000	0.100017
3.489000	0.100017
3.490000	0.100017
3.491000	0.100017
3.492000	0.100017
3.493000	0.100017
3.494000	0.100017
3.495000	0.100017
3.496000	0.100017
3.497000	0.100017
3.498000	0.100017
3.499000	0.100017
3.500000	0.100017
3.501000	0.100017
3.502000	0.100017
3.503000	0.100017
3.504000	0.100017
3.505000	0.100017
3.506000	0.100017
3.507000	0.100017
3.508000	0.100017
3.509000	0.100017
3.510000	0.100017
3.511000	0.100017
3.512000	0.100017
3.513000	0.100017
3.514000	0.100017
3.515000	0.100017
3.516000	0.100017
3.517000	0.100017
3.518000	0.100017
3.519000	0.100017
3.520000	0.100017
3.521000	0.100017
3.522000	0.100017
3.523000	0.100017
3.524000	0.100017
3.525000	0.100017
3.526000	0.100017
3.527000	0.100017
3.528000	0.100017
3.529000	0.100017
3.530000	0.100017
3.531000	0.100017
3.532000	0.100017
3.533000	0.100017
3.534000	0.100017
3.535000	0.100017
3.536000	0.100017
3.537000	0.100017
3.538000	0.100017
3.539000	0.100017
3.540000	0.100017
3.541000	0.100017
3.542000	0.100017
3.543000	0.100017
3.544000	0.100017
3.545000	0.100017
3.546000	0.100017
3.547000	0.100017
3.548000	0.100017
3.549000	0.100017
3.550000	0.100017
3.551000	0.100017
3.552000	0.100017
3.553000	0.100017
3.554000	0.100017
3.555000	0.100017
3.556000	0.100017
3.557000	0.100017
3.558000	0.100017
3.559000	0.100017
3.560000	0.100017
3.561000	0.100017
3.562000	0.100017
3.563000	0.100017
3.564000	0.100017
3.565000	0.100017
3.566000	0.100017
3.567000	0.100017
3.568000	0.100017
3.569000	0.100017
3.570000	0.100017
3.571000	0.100017
3.572000	0.100017
3.573000	0.100017
3.574000	0.100017
3.575000	0.100017
3.576000	0.100017
3.577000	0.100017
3.578000	0.100017
3.579000	0.100017
3.580000	0.100017
3.581000	0.100017
3.582000	0.100017
3.583000	0.100017
3.584000	0.100017
3.585000	0.100017
3.586000	0.100017
3.587000	0.100017
3.588000	0.100017
3.589000	0.100017
3.590000	0.100017
3.591000	0.100017
3.592000	0.100017
3.593000	0.100017
3.594000	0.100017
3.595000	0.100017
3.596000	0.100017
3.597000	0.100017
3.598000	0.100017
3.599000	0.100017
3.600000	0.100017
3.601000	0.100017
3.602000	0.100017
3.603000	0.100017
3.604000	0.100017
3.605000	0.100017
3.606000	0.100017
3.607000	0.100017
3.608000	0.100017
3.609000	0.100017
3.610000	0.100017
3.611000	0.100017
3.612000	0.100017
3.613000	0.100017
3.614000	0.100017
3.615000	0.100017
3.616000	0.100017
3.617000	0.100017
3.618000	0.100017
3.619000	0.100017
3.620000	0.100017
3.621000	0.100017
3.622000	0.100017
3.623000	0.100017
3.624000	0.100017
3.625000	0.100017
3.626000	0.100017
3.627000	0.100017
3.628000	0.100017
3.629000	0.100017
3.630000	0.100017
3.631000	0.100017
3.632000	0.100017
3.633000	0.100017
3.634000	0.100017
3.635000	0.100017
3.636000	0.100017
3.637000	0.100017
3.638000	0.100017
3.639000	0.100017
3.640000	0.100017
3.641000	0.100017
3.642000	0.100017
3.643000	0.100017
3.644000	0.100017
3.645000	0.100017
3.646000	0.100017
3.647000	0.100017
3.648000	0.100017
3.649000	0.100017
3.650000	0.100017
3.651000	0.100017
3.652000	0.100017
3.653000	0.100017
3.654000	0.100017
3.655000	0.100017
3.656000	0.100017
3.657000	0.100017
3.658000	0.100017
3.659000	0.100017
3.660000	0.100017
3.661000	0.100017
3.662000	0.100017
3.663000	0.100017
3.664000	0.100017
3.665000	0.100017
3.666000	0.100017
3.667000	0.100017
3.668000	0.100017
3.669000	0.100017
3.670000	0.100017
3.671000	0.100017
3.672000	0.100017
3.673000	0.100017
3.674000	0.100017
3.675000	0.100017
3.676000	0.100017
3.677000	0.100017
3.678000	0.100017
3.679000	0.100017
3.680000	0.100017
3.681000	0.100017
3.682000	0.100017
3.683000	0.100017
3.684000	0.100017
3.685000	0.100017
3.686000	0.100017
3.687000	0.100017
3.688000	0.100017
3.689000	0.100017
3.690000	0.100017
3.691000	0.100017
3.692000	0.100017
3.693000	0.100017
3.694000	0.100017
3.695000	0.100017
3.696000	0.100017
3.697000	0.100017
3.698000	0.100017
3.699000	0.100017
3.700000	0.100017
3.701000	0.100017
3.702000	0.100017
3.703000	0.100017
3.704000	0.100017
3.705000	0.100017
3.706000	0.100017
3.707000	0.100017
3.708000	0.100017
3.709000	0.100017
3.710000	0.100017
3.711000	0.100017
3.712000	0.100017
3.713000	0.100017
3.714000	0.100017
3.715000	0.100017
3.716000	0.100017
3.717000	0.100017
3.718000	0.100017
3.719000	0.100017
3.720000	0.100017
3.721000	0.100017
3.722000	0.100017
3.723000	0.100017
3.724000	0.100017
3.725000	0.100017
3.726000	0.100017
3.727000	0.100017
3.728000	0.100017
3.729000	0.100017
3.730000	0.100017
3.731000	0.100017
3.732000	0.100017
3.733000	0.100017
3.734000	0.100017
3.735000	0.100017
3.736000	0.100017
3.737000	0.100017
3.738000	0.100017
3.739000	0.100017
3.740000	0.100017
3.741000	0.100017
3.742000	0.100017
3.743000	0.100017
3.744000	0.100017
3.745000	0.100017
3.746000	0.100017
3.747000	0.100017
3.748000	0.100017
3.749000	0.100017
3.750000	0.100017
3.751000	0.100017
3.752000	0.100017
3.753000	0.100017
3.754000	0.100017
3.755000	0.100017
3.756000	0.100017
3.757000	0.100017
3.758000	0.100017
3.759000	0.100017
3.760000	0.100017
3.761000	0.100017
3.762000	0.100017
3.763000	0.100017
3.764000	0.100017
3.765000	0.100017
3.766000	0.100017
3.767000	0.100017
3.768000	0.100017
3.769000	0.100017
3.770000	0.100017
3.771000	0.100017
3.772000	0.100017
3.773000	0.100017
3.774000	0.100017
3.775000	0.100017
3.776000	0.100017
3.777000	0.100017
3.778000	0.100017
3.779000	0.100017
3.780000	0.100017
3.781000	0.100017
3.782000	0.100017
3.783000	0.100017
3.784000	0.100017
3.785000	0.100017
3.786000	0.100017
3.787000	0.100017
3.788000	0.100017
3.789000	0.100017
3.790000	0.100017
3.791000	0.100017
3.792000	0.100017
3.793000	0.100017
3.794000	0.100017
3.795000	0.100017
3.796000	0.100017
3.797000	0.100017
3.798000	0.100017
3.799000	0.100017
3.800000	0.100017
3.801000	0.100017
3.802000	0.100017
3.803000	0.100017
3.804000	0.100017
3.805000	0.100017
3.806000	0.100017
3.807000	0.100017
3.808000	0.100017
3.809000	0.100017
3.810000	0.100017
3.811000	0.100017
3.812000	0.100017
3.813000	0.100017
3.814000	0.100017
3.815000	0.100017
3.816000	0.100017
3.817000	0.100017
3.818000	0.100017
3.819000	0.100017
3.820000	0.100017
3.821000	0.100017
3.822000	0.100017
3.823000	0.100017
3.824000	0.100017
3.825000	0.100017
3.826000	0.100017
3.827000	0.100017
3.828000	0.100017
3.829000	0.100017
3.830000	0.100017
3.831000	0.100017
3.832000	0.100017
3.833000	0.100017
3.834000	0.100017
3.835000	0.100017
3.836000	0.100017
3.837000	0.100017
3.838000	0.100017
3.839000	0.100017
3.840000	0.100017
3.841000	0.100017
3.842000	0.100017
3.843000	0.100017
3.844000	0.100017
3.845000	0.100017
3.846000	0.100017
3.847000	0.100017
3.848000	0.100017
3.849000	0.100017
3.850000	0.100017
3.851000	0.100017
3.852000	0.100017
3.853000	0.100017
3.854000	0.100017
3.855000	0.100017
3.856000	0.100017
3.857000	0.100017
3.858000	0.100017
3.859000	0.100017
3.860000	0.100017
3.861000	0.100017
3.862000	0.100017
3.863000	0.100017
3.864000	0.100017
3.865000	0.100017
3.866000	0.100017
3.867000	0.100017
3.868000	0.100017
3.869000	0.100017
3.870000	0.100017
3.871000	0.100017
3.872000	0.100017
3.873000	0.100017
3.874000	0.100017
3.875000	0.100017
3.876000	0.100017
3.877000	0.100017
3.878000	0.100017
3.879000	0.100017
3.880000	0.100017
3.881000	0.100017
3.882000	0.100017
3.883000	0.100017
3.884000	0.100017
3.885000	0.100017
3.886000	0.100017
3.887000	0.100017
3.888000	0.100017
3.889000	0.100017
3.890000	0.100017
3.891000	0.100017
3.892000	0.100017
3.893000	0.100017
3.894000	0.100017
3.895000	0.100017
3.896000	0.100017
3.897000	0.100017
3.898000	0.100017
3.899000	0.100017
3.900000	0.100017
3.901000	0.100017
3.902000	0.100017
3.903000	0.100017
3.904000	0.100017
3.905000	0.100017
3.906000	0.100017
3.907000	0.100017
3.908000	0.100017
3.909000	0.100017
3.910000	0.100017
3.911000	0.100017
3.912000	0.100017
3.913000	0.100017
3.914000	0.100017
3.915000	0.100017
3.916000	0.100017
3.917000	0.100017
3.918000	0.100017
3.919000	0.100017
3.920000	0.100017
3.921000	0.100017
3.922000	0.100017
3.923000	0.100017
3.924000	0.100017
3.925000	0.100017
3.926000	0.100017
3.927000	0.100017
3.928000	0.100017
3.929000	0.100017
3.930000	0.100017
3.931000	0.100017
3.932000	0.100017
3.933000	0.100017
3.934000	0.100017
3.935000	0.100017
3.936000	0.100017
3.937000	0.100017
3.938000	0.100017
3.939000	0.100017
3.940000	0.100017
3.941000	0.100017
3.942000	0.100017
3.943000	0.100017
3.944000	0.100017
3.945000	0.100017
3.946000	0.100017
3.947000	0.100017
3.948000	0.100017
3.949000	0.100017
3.950000	0.100017
3.951000	0.100017
3.952000	0.100017
3.953000	0.100017
3.954000	0.100017
3.955000	0.100017
3.956000	0.100017
3.957000	0.100017
3.958000	0.100017
3.959000	0.100017
3.960000	0.100017
3.961000	0.100017
3.962000	0.100017
3.963000	0.100017
3.964000	0.100017
3.965000	0.100017
3.966000	0.100017
3.967000	0.100017
3.968000	0.100017
3.969000	0.100017
3.970000	0.100017
3.971000	0.100017
3.972000	0.100017
3.973000	0.100017
3.974000	0.100017
3.975000	0.100017
3.976000	0.100017
3.977000	0.100017
3.978000	0.100017
3.979000	0.100017
3.980000	0.100017
3.981000	0.100017
3.982000	0.100017
3.983000	0.100017
3.984000	0.100017
3.985000	0.100017
3.986000	0.100017
3.987000	0.100017
3.988000	0.100017
3.989000	0.100017
3.990000	0.100017
3.991000	0.100017
3.992000	0.100017
3.993000	0.100017
3.994000	0.100017
3.995000	0.100017
3.996000	0.100017
3.997000	0.100017
3.998000	0.100017
3.999000	0.100017
4.000000	0.100017
4.001000	0.100017
4.002000	0.100017
4.003000	0.100017
4.004000	0.100017
4.005000	0.100017
4.006000	0.100017
4.007000	0.100017
4.008000	0.100017
4.009000	0.100017
4.010000	0.100017
4.011000	0.100017
4.012000	0.100017
4.013000	0.100017
4.014000	0.100017
4.015000	0.100017
4.016000	0.100017
4.017000	0.100017
4.018000	0.100017
4.019000	0.100017
4.020000	0.100017
4.021000	0.100017
4.022000	0.100017
4.023000	0.100017
4.024000	0.100017
4.025000	0.100017
4.026000	0.100017
4.027000	0.100017
4.028000	0.100017
4.029000	0.100017
4.030000	0.100017
4.031000	0.100017
4.032000	0.100017
4.033000	0.100017
4.034000	0.100017
4.035000	0.100017
4.036000	0.100017
4.037000	0.100017
4.038000	0.100017
4.039000	0.100017
4.040000	0.100017
4.041000	0.100017
4.042000	0.100017
4.043000	0.100017
4.044000	0.100017
4.045000	0.100017
4.046000	0.100017
4.047000	0.100017
4.048000	0.100017
4.049000	0.100017
4.050000	0.100017
4.051000	0.100017
4.052000	0.100017
4.053000	0.100017
4.054000	0.100017
4.055000	0.100017
4.056000	0.100017
4.057000	0.100017
4.058000	0.100017
4.059000	0.100017
4.060000	0.100017
4.061000	0.100017
4.062000	0.100017
4.063000	0.100017
4.064000	0.100017
4.065000	0.100017
4.066000	0.100017
4.067000	0.100017
4.068000	0.100017
4.069000	0.100017
4.070000	0.100017
4.071000	0.100017
4.072000	0.100017
4.073000	0.100017
4.074000	0.100017
4.075000	0.100017
4.076000	0.100017
4.077000	0.100017
4.078000	0.100017
4.079000	0.100017
4.080000	0.100017
4.081000	0.100017
4.082000	0.100017
4.083000	0.100017
4.084000	0.100017
4.085000	0.100017
4.086000	0.100017
4.087000	0.100017
4.088000	0.100017
4.089000	0.100017
4.090000	0.100017
4.091000	0.100017
4.092000	0.100017
4.093000	0.100017
4.094000	0.100017
4.095000	0.100017
4.096000	0.100017
4.097000	0.100017
4.098000	0.100017
4.099000	0.100017
4.100000	0.100017
4.101000	0.100017
4.102000	0.100017
4.103000	0.100017
4.104000	0.100017
4.105000	0.100017
4.106000	0.100017
4.107000	0.100017
4.108000	0.100017
4.109000	0.100017
4.110000	0.100017
4.111000	0.100017
4.112000	0.100017
4.113000	0.100017
4.114000	0.100017
4.115000	0.100017
4.116000	0.100017
4.117000	0.100017
4.118000	0.100017
4.119000	0.100017
4.120000	0.100017
4.121000	0.100017
4.122000	0.100017
4.123000	0.100017
4.124000	0.100017
4.125000	0.100017
4.126000	0.100017
4.127000	0.100017
4.128000	0.100017
4.129000	0.100017
4.130000	0.100017
4.131000	0.100017
4.132000	0.100017
4.133000	0.100017
4.134000	0.100017
4.135000	0.100017
4.136000	0.100017
4.137000	0.100017
4.138000	0.100017
4.139000	0.100017
4.140000	0.100017
4.141000	0.100017
4.142000	0.100017
4.143000	0.100017
4.144000	0.100017
4.145000	0.100017
4.146000	0.100017
4.147000	0.100017
4.148000	0.100017
4.149000	0.100017
4.150000	0.100017
4.151000	0.100017
4.152000	0.100017
4.153000	0.100017
4.154000	0.100017
4.155000	0.100017
4.156000	0.100017
4.157000	0.100017
4.158000	0.100017
4.159000	0.100017
4.160000	0.100017
4.161000	0.100017
4.162000	0.100017
4.163000	0.100017
4.164000	0.100017
4.165000	0.100017
4.166000	0.100017
4.167000	0.100017
4.168000	0.100017
4.169000	0.100017
4.170000	0.100017
4.171000	0.100017
4.172000	0.100017
4.173000	0.100017
4.174000	0.100017
4.175000	0.100017
4.176000	0.100017
4.177000	0.100017
4.178000	0.100017
4.179000	0.100017
4.180000	0.100017
4.181000	0.100017
4.182000	0.100017
4.183000	0.100017
4.184000	0.100017
4.185000	0.100017
4.186000	0.100017
4.187000	0.100017
4.188000	0.100017
4.189000	0.100017
4.190000	0.100017
4.191000	0.100017
4.192000	0.100017
4.193000	0.100017
4.194000	0.100017
4.195000	0.100017
4.196000	0.100017
4.197000	0.100017
4.198000	0.100017
4.199000	0.100017
4.200000	0.100017
4.201000	0.100017
4.202000	0.100017
4.203000	0.100017
4.204000	0.100017
4.205000	0.100017
4.206000	0.100017
4.207000	0.100017
4.208000	0.100017
4.209000	0.100017
4.210000	0.100017
4.211000	0.100017
4.212000	0.100017
4.213000	0.100017
4.214000	0.100017
4.215000	0.100017
4.216000	0.100017
4.217000	0.100017
4.218000	0.100017
4.219000	0.100017
4.220000	0.100017
4.221000	0.100017
4.222000	0.100017
4.223000	0.100017
4.224000	0.100017
4.225000	0.100017
4.226000	0.100017
4.227000	0.100017
4.228000	0.100017
4.229000	0.100017
4.230000	0.100017
4.231000	0.100017
4.232000	0.100017
4.233000	0.100017
4.234000	0.100017
4.235000	0.100017
4.236000	0.100017
4.237000	0.100017
4.238000	0.100017
4.239000	0.100017
4.240000	0.100017
4.241000	0.100017
4.242000	0.100017
4.243000	0.100017
4.244000	0.100017
4.245000	0.100017
4.246000	0.100017
4.247000	0.100017
4.248000	0.100017
4.249000	0.100017
4.250000	0.100017
4.251000	0.100017
4.252000	0.100017
4.253000	0.100017
4.254000	0.100017
4.255000	0.100017
4.256000	0.100017
4.257000	0.100017
4.258000	0.100017
4.259000	0.100017
4.260000	0.100017
4.261000	0.100017
4.262000	0.100017
4.263000	0.100017
4.264000	0.100017
4.265000	0.100017
4.266000	0.100017
4.267000	0.100017
4.268000	0.100017
4.269000	0.100017
4.270000	0.100017
4.271000	0.100017
4.272000	0.100017
4.273000	0.100017
4.274000	0.100017
4.275000	0.100017
4.276000	0.100017
4.277000	0.100017
4.278000	0.100017
4.279000	0.100017
4.280000	0.100017
4.281000	0.100017
4.282000	0.100017
4.283000	0.100017
4.284000	0.100017
4.285000	0.100017
4.286000	0.100017
4.287000	0.100017
4.288000	0.100017
4.289000	0.100017
4.290000	0.100017
4.291000	0.100017
4.292000	0.100017
4.293000	0.100017
4.294000	0.100017
4.295000	0.100017
4.296000	0.100017
4.297000	0.100017
4.298000	0.100017
4.299000	0.100017
4.300000	0.100017
4.301000	0.100017
4.302000	0.100017
4.303000	0.100017
4.304000	0.100017
4.305000	0.100017
4.306000	0.100017
4.307000	0.100017
4.308000	0.100017
4.309000	0.100017
4.310000	0.100017
4.311000	0.100017
4.312000	0.100017
4.313000	0.100017
4.314000	0.100017
4.315000	0.100017
4.316000	0.100017
4.317000	0.100017
4.318000	0.100017
4.319000	0.100017
4.320000	0.100017
4.321000	0.100017
4.322000	0.100017
4.323000	0.100017
4.324000	0.100017
4.325000	0.100017
4.326000	0.100017
4.327000	0.100017
4.328000	0.100017
4.329000	0.100017
4.330000	0.100017
4.331000	0.100017
4.332000	0.100017
4.333000	0.100017
4.334000	0.100017
4.335000	0.100017
4.336000	0.100017
4.337000	0.100017
4.338000	0.100017
4.339000	0.100017
4.340000	0.100017
4.341000	0.100017
4.342000	0.100017
4.343000	0.100017
4.344000	0.100017
4.345000	0.100017
4.346000	0.100017
4.347000	0.100017
4.348000	0.100017
4.349000	0.100017
4.350000	0.100017
4.351000	0.100017
4.352000	0.100017
4.353000	0.100017
4.354000	0.100017
4.355000	0.100017
4.356000	0.100017
4.357000	0.100017
4.358000	0.100017
4.359000	0.100017
4.360000	0.100017
4.361000	0.100017
4.362000	0.100017
4.363000	0.100017
4.364000	0.100017
4.365000	0.100017
4.366000	0.100017
4.367000	0.100017
4.368000	0.100017
4.369000	0.100017
4.370000	0.100017
4.371000	0.100017
4.372000	0.100017
4.373000	0.100017
4.374000	0.100017
4.375000	0.100017
4.376000	0.100017
4.377000	0.100017
4.378000	0.100017
4.379000	0.100017
4.380000	0.100017
4.381000	0.100017
4.382000	0.100017
4.383000	0.100017
4.384000	0.100017
4.385000	0.100017
4.386000	0.100017
4.387000	0.100017
4.388000	0.100017
4.389000	0.100017
4.390000	0.100017
4.391000	0.100017
4.392000	0.100017
4.393000	0.100017
4.394000	0.100017
4.395000	0.100017
4.396000	0.100017
4.397000	0.100017
4.398000	0.100017
4.399000	0.100017
4.400000	0.100017
4.401000	0.100017
4.402000	0.100017
4.403000	0.100017
4.404000	0.100017
4.405000	0.100017
4.406000	0.100017
4.407000	0.100017
4.408000	0.100017
4.409000	0.100017
4.410000	0.100017
4.411000	0.100017
4.412000	0.100017
4.413000	0.100017
4.414000	0.100017
4.415000	0.100017
4.416000	0.100017
4.417000	0.100017
4.418000	0.100017
4.419000	0.100017
4.420000	0.100017
4.421000	0.100017
4.422000	0.100017
4.423000	0.100017
4.424000	0.100017
4.425000	0.100017
4.426000	0.100017
4.427000	0.100017
4.428000	0.100017
4.429000	0.100017
4.430000	0.100017
4.431000	0.100017
4.432000	0.100017
4.433000	0.100017
4.434000	0.100017
4.435000	0.100017
4.436000	0.100017
4.437000	0.100017
4.438000	0.100017
4.439000	0.100017
4.440000	0.100017
4.441000	0.100017
4.442000	0.100017
4.443000	0.100017
4.444000	0.100017
4.445000	0.100017
4.446000	0.100017
4.447000	0.100017
4.448000	0.100017
4.449000	0.100017
4.450000	0.100017
4.451000	0.100017
4.452000	0.100017
4.453000	0.100017
4.454000	0.100017
4.455000	0.100017
4.456000	0.100017
4.457000	0.100017
4.458000	0.100017
4.459000	0.100017
4.460000	0.100017
4.461000	0.100017
4.462000	0.100017
4.463000	0.100017
4.464000	0.100017
4.465000	0.100017
4.466000	0.100017
4.467000	0.100017
4.468000	0.100017
4.469000	0.100017
4.470000	0.100017
4.471000	0.100017
4.472000	0.100017
4.473000	0.100017
4.474000	0.100017
4.475000	0.100017
4.476000	0.100017
4.477000	0.100017
4.478000	0.100017
4.479000	0.100017
4.480000	0.100017
4.481000	0.100017
4.482000	0.100017
4.483000	0.100017
4.484000	0.100017
4.485000	0.100017
4.486000	0.100017
4.487000	0.100017
4.488000	0.100017
4.489000	0.100017
4.490000	0.100017
4.491000	0.100017
4.492000	0.100017
4.493000	0.100017
4.494000	0.100017
4.495000	0.100017
4.496000	0.100017
4.497000	0.100017
4.498000	0.100017
4.499000	0.100017
4.500000	0.100017
4.501000	0.100017
4.502000	0.100017
4.503000	0.100017
4.504000	0.100017
4.505000	0.100017
4.506000	0.100017
4.507000	0.100017
4.508000	0.100017
4.509000	0.100017
4.510000	0.100017
4.511000	0.100017
4.512000	0.100017
4.513000	0.100017
4.514000	0.100017
4.515000	0.100017
4.516000	0.100017
4.517000	0.100017
4.518000	0.100017
4.519000	0.100017
4.520000	0.100017
4.521000	0.100017
4.522000	0.100017
4.523000	0.100017
4.524000	0.100017
4.525000	0.100017
4.526000	0.100017
4.527000	0.100017
4.528000	0.100017
4.529000	0.100017
4.530000	0.100017
4.531000	0.100017
4.532000	0.100017
4.533000	0.100017
4.534000	0.100017
4.535000	0.100017
4.536000	0.100017
4.537000	0.100017
4.538000	0.100017
4.539000	0.100017
4.540000	0.100017
4.541000	0.100017
4.542000	0.100017
4.543000	0.100017
4.544000	0.100017
4.545000	0.100017
4.546000	0.100017
4.547000	0.100017
4.548000	0.100017
4.549000	0.100017
4.550000	0.100017
4.551000	0.100017
4.552000	0.100017
4.553000	0.100017
4.554000	0.100017
4.555000	0.100017
4.556000	0.100017
4.557000	0.100017
4.558000	0.100017
4.559000	0.100017
4.560000	0.100017
4.561000	0.100017
4.562000	0.100017
4.563000	0.100017
4.564000	0.100017
4.565000	0.100017
4.566000	0.100017
4.567000	0.100017
4.568000	0.100017
4.569000	0.100017
4.570000	0.100017
4.571000	0.100017
4.572000	0.100017
4.573000	0.100017
4.574000	0.100017
4.575000	0.100017
4.576000	0.100017
4.577000	0.100017
4.578000	0.100017
4.579000	0.100017
4.580000	0.100017
4.581000	0.100017
4.582000	0.100017
4.583000	0.100017
4.584000	0.100017
4.585000	0.100017
4.586000	0.100017
4.587000	0.100017
4.588000	0.100017
4.589000	0.100017
4.590000	0.100017
4.591000	0.100017
4.592000	0.100017
4.593000	0.100017
4.594000	0.100017
4.595000	0.100017
4.596000	0.100017
4.597000	0.100017
4.598000	0.100017
4.599000	0.100017
4.600000	0.100017
4.601000	0.100017
4.602000	0.100017
4.603000	0.100017
4.604000	0.100017
4.605000	0.100017
4.606000	0.100017
4.607000	0.100017
4.608000	0.100017
4.609000	0.100017
4.610000	0.100017
4.611000	0.100017
4.612000	0.100017
4.613000	0.100017
4.614000	0.100017
4.615000	0.100017
4.616000	0.100017
4.617000	0.100017
4.618000	0.100017
4.619000	0.100017
4.620000	0.100017
4.621000	0.100017
4.622000	0.100017
4.623000	0.100017
4.624000	0.100017
4.625000	0.100017
4.626000	0.100017
4.627000	0.100017
4.628000	0.100017
4.629000	0.100017
4.630000	0.100017
4.631000	0.100017
4.632000	0.100017
4.633000	0.100017
4.634000	0.100017
4.635000	0.100017
4.636000	0.100017
4.637000	0.100017
4.638000	0.100017
4.639000	0.100017
4.640000	0.100017
4.641000	0.100017
4.642000	0.100017
4.643000	0.100017
4.644000	0.100017
4.645000	0.100017
4.646000	0.100017
4.647000	0.100017
4.648000	0.100017
4.649000	0.100017
4.650000	0.100017
4.651000	0.100017
4.652000	0.100017
4.653000	0.100017
4.654000	0.100017
4.655000	0.100017
4.656000	0.100017
4.657000	0.100017
4.658000	0.100017
4.659000	0.100017
4.660000	0.100017
4.661000	0.100017
4.662000	0.100017
4.663000	0.100017
4.664000	0.100017
4.665000	0.100017
4.666000	0.100017
4.667000	0.100017
4.668000	0.100017
4.669000	0.100017
4.670000	0.100017
4.671000	0.100017
4.672000	0.100017
4.673000	0.100017
4.674000	0.100017
4.675000	0.100017
4.676000	0.100017
4.677000	0.100017
4.678000	0.100017
4.679000	0.100017
4.680000	0.100017
4.681000	0.100017
4.682000	0.100017
4.683000	0.100017
4.684000	0.100017
4.685000	0.100017
4.686000	0.100017
4.687000	0.100017
4.688000	0.100017
4.689000	0.100017
4.690000	0.100017
4.691000	0.100017
4.692000	0.100017
4.693000	0.100017
4.694000	0.100017
4.695000	0.100017
4.696000	0.100017
4.697000	0.100017
4.698000	0.100017
4.699000	0.100017
4.700000	0.100017
4.701000	0.100017
4.702000	0.100017
4.703000	0.100017
4.704000	0.100017
4.705000	0.100017
4.706000	0.100017
4.707000	0.100017
4.708000	0.100017
4.709000	0.100017
4.710000	0.100017
4.711000	0.100017
4.712000	0.100017
4.713000	0.100017
4.714000	0.100017
4.715000	0.100017
4.716000	0.100017
4.717000	0.100017
4.718000	0.100017
4.719000	0.100017
4.720000	0.100017
4.721000	0.100017
4.722000	0.100017
4.723000	0.100017
4.724000	0.100017
4.725000	0.100017
4.726000	0.100017
4.727000	0.100017
4.728000	0.100017
4.729000	0.100017
4.730000	0.100017
4.731000	0.100017
4.732000	0.100017
4.733000	0.100017
4.734000	0.100017
4.735000	0.100017
4.736000	0.100017
4.737000	0.100017
4.738000	0.100017
4.739000	0.100017
4.740000	0.100017
4.741000	0.100017
4.742000	0.100017
4.743000	0.100017
4.744000	0.100017
4.745000	0.100017
4.746000	0.100017
4.747000	0.100017
4.748000	0.100017
4.749000	0.100017
4.750000	0.100017
4.751000	0.100017
4.752000	0.100017
4.753000	0.100017
4.754000	0.100017
4.755000	0.100017
4.756000	0.100017
4.757000	0.100017
4.758000	0.100017
4.759000	0.100017
4.760000	0.100017
4.761000	0.100017
4.762000	0.100017
4.763000	0.100017
4.764000	0.100017
4.765000	0.100017
4.766000	0.100017
4.767000	0.100017
4.768000	0.100017
4.769000	0.100017
4.770000	0.100017
4.771000	0.100017
4.772000	0.100017
4.773000	0.100017
4.774000	0.100017
4.775000	0.100017
4.776000	0.100017
4.777000	0.100017
4.778000	0.100017
4.779000	0.100017
4.780000	0.100017
4.781000	0.100017
4.782000	0.100017
4.783000	0.100017
4.784000	0.100017
4.785000	0.100017
4.786000	0.100017
4.787000	0.100017
4.788000	0.100017
4.789000	0.100017
4.790000	0.100017
4.791000	0.100017
4.792000	0.100017
4.793000	0.100017
4.794000	0.100017
4.795000	0.100017
4.796000	0.100017
4.797000	0.100017
4.798000	0.100017
4.799000	0.100017
4.800000	0.100017
4.801000	0.100017
4.802000	0.100017
4.803000	0.100017
4.804000	0.100017
4.805000	0.100017
4.806000	0.100017
4.807000	0.100017
4.808000	0.100017
4.809000	0.100017
4.810000	0.100017
4.811000	0.100017
4.812000	0.100017
4.813000	0.100017
4.814000	0.100017
4.815000	0.100017
4.816000	0.100017
4.817000	0.100017
4.818000	0.100017
4.819000	0.100017
4.820000	0.100017
4.821000	0.100017
4.822000	0.100017
4.823000	0.100017
4.824000	0.100017
4.825000	0.100017
4.826000	0.100017
4.827000	0.100017
4.828000	0.100017
4.829000	0.100017
4.830000	0.100017
4.831000	0.100017
4.832000	0.100017
4.833000	0.100017
4.834000	0.100017
4.835000	0.100017
4.836000	0.100017
4.837000	0.100017
4.838000	0.100017
4.839000	0.100017
4.840000	0.100017
4.841000	0.100017
4.842000	0.100017
4.843000	0.100017
4.844000	0.100017
4.845000	0.100017
4.846000	0.100017
4.847000	0.100017
4.848000	0.100017
4.849000	0.100017
4.850000	0.100017
4.851000	0.100017
4.852000	0.100017
4.853000	0.100017
4.854000	0.100017
4.855000	0.100017
4.856000	0.100017
4.857000	0.100017
4.858000	0.100017
4.859000	0.100017
4.860000	0.100017
4.861000	0.100017
4.862000	0.100017
4.863000	0.100017
4.864000	0.100017
4.865000	0.100017
4.866000	0.100017
4.867000	0.100017
4.868000	0.100017
4.869000	0.100017
4.870000	0.100017
4.871000	0.100017
4.872000	0.100017
4.873000	0.100017
4.874000	0.100017
4.875000	0.100017
4.876000	0.100017
4.877000	0.100017
4.878000	0.100017
4.879000	0.100017
4.880000	0.100017
4.881000	0.100017
4.882000	0.100017
4.883000	0.100017
4.884000	0.100017
4.885000	0.100017
4.886000	0.100017
4.887000	0.100017
4.888000	0.100017
4.889000	0.100017
4.890000	0.100017
4.891000	0.100017
4.892000	0.100017
4.893000	0.100017
4.894000	0.100017
4.895000	0.100017
4.896000	0.100017
4.897000	0.100017
4.898000	0.100017
4.899000	0.100017
4.900000	0.100017
4.901000	0.100017
4.902000	0.100017
4.903000	0.100017
4.904000	0.100017
4.905000	0.100017
4.906000	0.100017
4.907000	0.100017
4.908000	0.100017
4.909000	0.100017
4.910000	0.100017
4.911000	0.100017
4.912000	0.100017
4.913000	0.100017
4.914000	0.100017
4.915000	0.100017
4.916000	0.100017
4.917000	0.100017
4.918000	0.100017
4.919000	0.100017
4.920000	0.100017
4.921000	0.100017
4.922000	0.100017
4.923000	0.100017
4.924000	0.100017
4.925000	0.100017
4.926000	0.100017
4.927000	0.100017
4.928000	0.100017
4.929000	0.100017
4.930000	0.100017
4.931000	0.100017
4.932000	0.100017
4.933000	0.100017
4.934000	0.100017
4.935000	0.100017
4.936000	0.100017
4.937000	0.100017
4.938000	0.100017
4.939000	0.100017
4.940000	0.100017
4.941000	0.100017
4.942000	0.100017
4.943000	0.100017
4.944000	0.100017
4.945000	0.100017
4.946000	0.100017
4.947000	0.100017
4.948000	0.100017
4.949000	0.100017
4.950000	0.100017
4.951000	0.100017
4.952000	0.100017
4.953000	0.100017
4.954000	0.100017
4.955000	0.100017
4.956000	0.100017
4.957000	0.100017
4.958000	0.100017
4.959000	0.100017
4.960000	0.100017
4.961000	0.100017
4.962000	0.100017
4.963000	0.100017
4.964000	0.100017
4.965000	0.100017
4.966000	0.100017
4.967000	0.100017
4.968000	0.100017
4.969000	0.100017
4.970000	0.100017
4.971000	0.100017
4.972000	0.100017
4.973000	0.100017
4.974000	0.100017
4.975000	0.100017
4.976000	0.100017
4.977000	0.100017
4.978000	0.100017
4.979000	0.100017
4.980000	0.100017
4.981000	0.100017
4.982000	0.100017
4.983000	0.100017
4.984000	0.100017
4.985000	0.100017
4.986000	0.100017
4.987000	0.100017
4.988000	0.100017
4.989000	0.100017
4.990000	0.100017
4.991000	0.100017
4.992000	0.100017
4.993000	0.100017
4.994000	0.100017
4.995000	0.100017
4.996000	0.100017
4.997000	0.100017
4.998000	0.100017
4.999000	0.100017
