0.001000	0.100000
0.002000	0.100000
0.003000	0.100000
0.004000	0.100000
0.005000	0.100000
0.006000	0.100000
0.007000	0.100000
0.008000	0.100000
0.009000	0.100000
0.010000	0.100000
0.011000	0.100000
0.012000	0.100000
0.013000	0.100000
0.014000	0.100000
0.015000	0.100000
0.016000	0.100000
0.017000	0.100000
0.018000	0.100000
0.019000	0.100000
0.020000	0.100000
0.021000	0.100000
0.022000	0.100000
0.023000	0.100000
0.024000	0.100000
0.025000	0.100000
0.026000	0.100000
0.027000	0.100000
0.028000	0.100000
0.029000	0.100000
0.030000	0.100000
0.031000	0.100000
0.032000	0.100000
0.033000	0.100000
0.034000	0.100000
0.035000	0.100000
0.036000	0.100000
0.037000	0.100000
0.038000	0.100000
0.039000	0.099999
0.040000	0.099999
0.041000	0.099999
0.042000	0.099999
0.043000	0.099998
0.044000	0.099998
0.045000	0.099998
0.046000	0.099998
0.047000	0.099998
0.048000	0.099998
0.049000	0.099998
0.050000	0.099998
0.051000	0.099997
0.052000	0.099997
0.053000	0.099997
0.054000	0.099997
0.055000	0.099997
0.056000	0.099997
0.057000	0.099997
0.058000	0.099997
0.059000	0.099997
0.060000	0.099996
0.061000	0.099996
0.062000	0.099995
0.063000	0.099994
0.064000	0.099993
0.065000	0.099992
0.066000	0.099991
0.067000	0.099991
0.068000	0.099991
0.069000	0.099991
0.070000	0.099990
0.071000	0.099990
0.072000	0.099989
0.073000	0.099988
0.074000	0.099987
0.075000	0.099987
0.076000	0.099986
0.077000	0.099986
0.078000	0.099986
0.079000	0.099986
0.080000	0.099986
0.081000	0.099985
0.082000	0.099984
0.083000	0.099981
0.084000	0.099979
0.085000	0.099976
0.086000	0.099974
0.087000	0.099972
0.088000	0.099972
0.089000	0.099972
0.090000	0.099972
0.091000	0.099971
0.092000	0.099970
0.093000	0.099968
0.094000	0.099966
0.095000	0.099963
0.096000	0.099962
0.097000	0.099961
0.098000	0.099961
0.099000	0.099961
0.100000	0.099961
0.101000	0.099960
0.102000	0.099959
0.103000	0.099956
0.104000	0.099953
0.105000	0.099949
0.106000	0.099946
0.107000	0.099943
0.108000	0.099941
0.109000	0.099941
0.110000	0.099941
0.111000	0.099941
0.112000	0.099940
0.113000	0.099938
0.114000	0.099935
0.115000	0.099933
0.116000	0.099931
0.117000	0.099929
0.118000	0.099928
0.119000	0.099928
0.120000	0.099928
0.121000	0.099928
0.122000	0.099927
0.123000	0.099926
0.124000	0.099924
0.125000	0.099921
0.126000	0.099918
0.127000	0.099916
0.128000	0.099915
0.129000	0.099914
0.130000	0.099914
0.131000	0.099914
0.132000	0.099914
0.133000	0.099913
0.134000	0.099912
0.135000	0.099911
0.136000	0.099909
0.137000	0.099908
0.138000	0.099908
0.139000	0.099907
0.140000	0.099907
0.141000	0.099907
0.142000	0.099907
0.143000	0.099907
0.144000	0.099906
0.145000	0.099905
0.146000	0.099904
0.147000	0.099904
0.148000	0.099903
0.149000	0.099903
0.150000	0.099903
0.151000	0.099903
0.152000	0.099903
0.153000	0.099903
0.154000	0.099902
0.155000	0.099902
0.156000	0.099902
0.157000	0.099901
0.158000	0.099901
0.159000	0.099901
0.160000	0.099901
0.161000	0.099901
0.162000	0.099901
0.163000	0.099901
0.164000	0.099901
0.165000	0.099901
0.166000	0.099901
0.167000	0.099901
0.168000	0.099901
0.169000	0.099901
0.170000	0.099901
0.171000	0.099901
0.172000	0.099901
0.173000	0.099900
0.174000	0.099900
0.175000	0.099900
0.176000	0.099900
0.177000	0.099900
0.178000	0.099900
0.179000	0.099900
0.180000	0.099900
0.181000	0.099900
0.182000	0.099900
0.183000	0.099900
0.184000	0.099900
0.185000	0.099900
0.186000	0.099900
0.187000	0.099900
0.188000	0.099900
0.189000	0.099900
0.190000	0.099900
0.191000	0.099900
0.192000	0.099900
0.193000	0.099900
0.194000	0.099900
0.195000	0.099900
0.196000	0.099900
0.197000	0.099900
0.198000	0.099900
0.199000	0.099900
0.200000	0.099900
0.201000	0.099900
0.202000	0.099900
0.203000	0.099900
0.204000	0.099900
0.205000	0.099900
0.206000	0.099900
0.207000	0.099900
0.208000	0.099900
0.209000	0.099900
0.210000	0.099900
0.211000	0.099900
0.212000	0.099900
0.213000	0.099900
0.214000	0.099900
0.215000	0.099900
0.216000	0.099900
0.217000	0.099900
0.218000	0.099900
0.219000	0.099900
0.220000	0.099900
0.221000	0.099900
0.222000	0.099900
0.223000	0.099900
0.224000	0.099900
0.225000	0.099900
0.226000	0.099900
0.227000	0.099900
0.228000	0.099900
0.229000	0.099900
0.230000	0.099900
0.231000	0.099900
0.232000	0.099900
0.233000	0.099900
0.234000	0.099900
0.235000	0.099900
0.236000	0.099899
0.237000	0.099899
0.238000	0.099899
0.239000	0.099899
0.240000	0.099899
0.241000	0.099899
0.242000	0.099899
0.243000	0.099899
0.244000	0.099899
0.245000	0.099899
0.246000	0.099899
0.247000	0.099899
0.248000	0.099899
0.249000	0.099899
0.250000	0.099899
0.251000	0.099899
0.252000	0.099899
0.253000	0.099899
0.254000	0.099899
0.255000	0.099899
0.256000	0.099899
0.257000	0.099899
0.258000	0.099899
0.259000	0.099899
0.260000	0.099899
0.261000	0.099899
0.262000	0.099899
0.263000	0.099899
0.264000	0.099899
0.265000	0.099899
0.266000	0.099899
0.267000	0.099899
0.268000	0.099899
0.269000	0.099898
0.270000	0.099898
0.271000	0.099898
0.272000	0.099898
0.273000	0.099898
0.274000	0.099898
0.275000	0.099898
0.276000	0.099898
0.277000	0.099898
0.278000	0.099898
0.279000	0.099898
0.280000	0.099898
0.281000	0.099898
0.282000	0.099898
0.283000	0.099898
0.284000	0.099898
0.285000	0.099898
0.286000	0.099898
0.287000	0.099898
0.288000	0.099898
0.289000	0.099898
0.290000	0.099898
0.291000	0.099898
0.292000	0.099898
0.293000	0.099898
0.294000	0.099898
0.295000	0.099898
0.296000	0.099898
0.297000	0.099898
0.298000	0.099898
0.299000	0.099898
0.300000	0.099898
0.301000	0.099898
0.302000	0.099898
0.303000	0.099898
0.304000	0.099898
0.305000	0.099898
0.306000	0.099898
0.307000	0.099898
0.308000	0.099898
0.309000	0.099898
0.310000	0.099898
0.311000	0.099898
0.312000	0.099898
0.313000	0.099898
0.314000	0.099898
0.315000	0.099898
0.316000	0.099898
0.317000	0.099898
0.318000	0.099899
0.319000	0.099899
0.320000	0.099899
0.321000	0.099899
0.322000	0.099899
0.323000	0.099899
0.324000	0.099899
0.325000	0.099899
0.326000	0.099899
0.327000	0.099899
0.328000	0.099899
0.329000	0.099899
0.330000	0.099899
0.331000	0.099900
0.332000	0.099900
0.333000	0.099900
0.334000	0.099900
0.335000	0.099900
0.336000	0.099900
0.337000	0.099900
0.338000	0.099900
0.339000	0.099901
0.340000	0.099901
0.341000	0.099901
0.342000	0.099901
0.343000	0.099901
0.344000	0.099901
0.345000	0.099901
0.346000	0.099902
0.347000	0.099902
0.348000	0.099902
0.349000	0.099902
0.350000	0.099902
0.351000	0.099903
0.352000	0.099903
0.353000	0.099903
0.354000	0.099903
0.355000	0.099903
0.356000	0.099904
0.357000	0.099904
0.358000	0.099904
0.359000	0.099904
0.360000	0.099905
0.361000	0.099905
0.362000	0.099905
0.363000	0.099905
0.364000	0.099906
0.365000	0.099906
0.366000	0.099906
0.367000	0.099907
0.368000	0.099907
0.369000	0.099907
0.370000	0.099908
0.371000	0.099908
0.372000	0.099908
0.373000	0.099909
0.374000	0.099909
0.375000	0.099909
0.376000	0.099910
0.377000	0.099910
0.378000	0.099910
0.379000	0.099911
0.380000	0.099911
0.381000	0.099912
0.382000	0.099912
0.383000	0.099912
0.384000	0.099913
0.385000	0.099913
0.386000	0.099914
0.387000	0.099914
0.388000	0.099915
0.389000	0.099915
0.390000	0.099916
0.391000	0.099916
0.392000	0.099917
0.393000	0.099917
0.394000	0.099918
0.395000	0.099918
0.396000	0.099919
0.397000	0.099919
0.398000	0.099920
0.399000	0.099920
0.400000	0.099921
0.401000	0.099922
0.402000	0.099922
0.403000	0.099923
0.404000	0.099923
0.405000	0.099924
0.406000	0.099925
0.407000	0.099925
0.408000	0.099926
0.409000	0.099927
0.410000	0.099927
0.411000	0.099928
0.412000	0.099929
0.413000	0.099929
0.414000	0.099930
0.415000	0.099931
0.416000	0.099932
0.417000	0.099932
0.418000	0.099933
0.419000	0.099934
0.420000	0.099935
0.421000	0.099935
0.422000	0.099936
0.423000	0.099937
0.424000	0.099938
0.425000	0.099939
0.426000	0.099939
0.427000	0.099940
0.428000	0.099941
0.429000	0.099942
0.430000	0.099943
0.431000	0.099944
0.432000	0.099945
0.433000	0.099946
0.434000	0.099947
0.435000	0.099948
0.436000	0.099949
0.437000	0.099949
0.438000	0.099950
0.439000	0.099951
0.440000	0.099952
0.441000	0.099953
0.442000	0.099954
0.443000	0.099956
0.444000	0.099957
0.445000	0.099958
0.446000	0.099959
0.447000	0.099960
0.448000	0.099961
0.449000	0.099962
0.450000	0.099963
0.451000	0.099964
0.452000	0.099965
0.453000	0.099967
0.454000	0.099968
0.455000	0.099969
0.456000	0.099970
0.457000	0.099971
0.458000	0.099973
0.459000	0.099974
0.460000	0.099975
0.461000	0.099976
0.462000	0.099977
0.463000	0.099979
0.464000	0.099980
0.465000	0.099981
0.466000	0.099983
0.467000	0.099984
0.468000	0.099985
0.469000	0.099987
0.470000	0.099988
0.471000	0.099989
0.472000	0.099991
0.473000	0.099992
0.474000	0.099994
0.475000	0.099995
0.476000	0.099996
0.477000	0.099998
0.478000	0.099999
0.479000	0.100001
0.480000	0.100002
0.481000	0.100004
0.482000	0.100005
0.483000	0.100007
0.484000	0.100008
0.485000	0.100010
0.486000	0.100012
0.487000	0.100013
0.488000	0.100015
0.489000	0.100016
0.490000	0.100018
0.491000	0.100019
0.492000	0.100021
0.493000	0.100023
0.494000	0.100024
0.495000	0.100026
0.496000	0.100028
0.497000	0.100029
0.498000	0.100031
0.499000	0.100033
0.500000	0.100035
0.501000	0.100036
0.502000	0.100038
0.503000	0.100040
0.504000	0.100042
0.505000	0.100043
0.506000	0.100045
0.507000	0.100047
0.508000	0.100049
0.509000	0.100051
0.510000	0.100052
0.511000	0.100054
0.512000	0.100056
0.513000	0.100058
0.514000	0.100060
0.515000	0.100062
0.516000	0.100064
0.517000	0.100066
0.518000	0.100068
0.519000	0.100070
0.520000	0.100072
0.521000	0.100074
0.522000	0.100076
0.523000	0.100078
0.524000	0.100080
0.525000	0.100082
0.526000	0.100084
0.527000	0.100086
0.528000	0.100088
0.529000	0.100090
0.530000	0.100092
0.531000	0.100094
0.532000	0.100096
0.533000	0.100098
0.534000	0.100100
0.535000	0.100102
0.536000	0.100104
0.537000	0.100107
0.538000	0.100109
0.539000	0.100111
0.540000	0.100113
0.541000	0.100115
0.542000	0.100117
0.543000	0.100120
0.544000	0.100122
0.545000	0.100124
0.546000	0.100126
0.547000	0.100128
0.548000	0.100131
0.549000	0.100133
0.550000	0.100135
0.551000	0.100137
0.552000	0.100140
0.553000	0.100142
0.554000	0.100144
0.555000	0.100147
0.556000	0.100149
0.557000	0.100151
0.558000	0.100154
0.559000	0.100156
0.560000	0.100158
0.561000	0.100161
0.562000	0.100163
0.563000	0.100165
0.564000	0.100168
0.565000	0.100170
0.566000	0.100173
0.567000	0.100175
0.568000	0.100177
0.569000	0.100180
0.570000	0.100182
0.571000	0.100185
0.572000	0.100187
0.573000	0.100190
0.574000	0.100192
0.575000	0.100195
0.576000	0.100197
0.577000	0.100200
0.578000	0.100202
0.579000	0.100205
0.580000	0.100207
0.581000	0.100210
0.582000	0.100212
0.583000	0.100215
0.584000	0.100217
0.585000	0.100220
0.586000	0.100222
0.587000	0.100225
0.588000	0.100227
0.589000	0.100230
0.590000	0.100233
0.591000	0.100235
0.592000	0.100238
0.593000	0.100240
0.594000	0.100243
0.595000	0.100245
0.596000	0.100248
0.597000	0.100251
0.598000	0.100253
0.599000	0.100256
0.600000	0.100259
0.601000	0.100261
0.602000	0.100264
0.603000	0.100266
0.604000	0.100269
0.605000	0.100272
0.606000	0.100274
0.607000	0.100277
0.608000	0.100280
0.609000	0.100282
0.610000	0.100285
0.611000	0.100288
0.612000	0.100290
0.613000	0.100293
0.614000	0.100296
0.615000	0.100298
0.616000	0.100301
0.617000	0.100304
0.618000	0.100306
0.619000	0.100309
0.620000	0.100312
0.621000	0.100315
0.622000	0.100317
0.623000	0.100320
0.624000	0.100323
0.625000	0.100325
0.626000	0.100328
0.627000	0.100331
0.628000	0.100333
0.629000	0.100336
0.630000	0.100339
0.631000	0.100342
0.632000	0.100344
0.633000	0.100347
0.634000	0.100350
0.635000	0.100352
0.636000	0.100355
0.637000	0.100358
0.638000	0.100361
0.639000	0.100363
0.640000	0.100366
0.641000	0.100369
0.642000	0.100372
0.643000	0.100374
0.644000	0.100377
0.645000	0.100380
0.646000	0.100382
0.647000	0.100385
0.648000	0.100388
0.649000	0.100391
0.650000	0.100393
0.651000	0.100396
0.652000	0.100399
0.653000	0.100402
0.654000	0.100404
0.655000	0.100407
0.656000	0.100410
0.657000	0.100412
0.658000	0.100415
0.659000	0.100418
0.660000	0.100421
0.661000	0.100423
0.662000	0.100426
0.663000	0.100429
0.664000	0.100431
0.665000	0.100434
0.666000	0.100437
0.667000	0.100440
0.668000	0.100442
0.669000	0.100445
0.670000	0.100448
0.671000	0.100450
0.672000	0.100453
0.673000	0.100456
0.674000	0.100458
0.675000	0.100461
0.676000	0.100464
0.677000	0.100466
0.678000	0.100469
0.679000	0.100472
0.680000	0.100474
0.681000	0.100477
0.682000	0.100480
0.683000	0.100482
0.684000	0.100485
0.685000	0.100488
0.686000	0.100490
0.687000	0.100493
0.688000	0.100495
0.689000	0.100498
0.690000	0.100501
0.691000	0.100503
0.692000	0.100506
0.693000	0.100509
0.694000	0.100511
0.695000	0.100514
0.696000	0.100516
0.697000	0.100519
0.698000	0.100521
0.699000	0.100524
0.700000	0.100527
0.701000	0.100529
0.702000	0.100532
0.703000	0.100534
0.704000	0.100537
0.705000	0.100539
0.706000	0.100542
0.707000	0.100544
0.708000	0.100547
0.709000	0.100549
0.710000	0.100552
0.711000	0.100554
0.712000	0.100557
0.713000	0.100559
0.714000	0.100562
0.715000	0.100564
0.716000	0.100567
0.717000	0.100569
0.718000	0.100572
0.719000	0.100574
0.720000	0.100577
0.721000	0.100579
0.722000	0.100581
0.723000	0.100584
0.724000	0.100586
0.725000	0.100589
0.726000	0.100591
0.727000	0.100593
0.728000	0.100596
0.729000	0.100598
0.730000	0.100600
0.731000	0.100603
0.732000	0.100605
0.733000	0.100607
0.734000	0.100610
0.735000	0.100612
0.736000	0.100614
0.737000	0.100617
0.738000	0.100619
0.739000	0.100621
0.740000	0.100623
0.741000	0.100626
0.742000	0.100628
0.743000	0.100630
0.744000	0.100632
0.745000	0.100635
0.746000	0.100637
0.747000	0.100639
0.748000	0.100641
0.749000	0.100643
0.750000	0.100646
0.751000	0.100648
0.752000	0.100650
0.753000	0.100652
0.754000	0.100654
0.755000	0.100656
0.756000	0.100659
0.757000	0.100661
0.758000	0.100663
0.759000	0.100665
0.760000	0.100667
0.761000	0.100669
0.762000	0.100671
0.763000	0.100673
0.764000	0.100675
0.765000	0.100677
0.766000	0.100679
0.767000	0.100681
0.768000	0.100683
0.769000	0.100685
0.770000	0.100687
0.771000	0.100689
0.772000	0.100691
0.773000	0.100693
0.774000	0.100695
0.775000	0.100697
0.776000	0.100699
0.777000	0.100701
0.778000	0.100703
0.779000	0.100704
0.780000	0.100706
0.781000	0.100708
0.782000	0.100710
0.783000	0.100712
0.784000	0.100714
0.785000	0.100715
0.786000	0.100717
0.787000	0.100719
0.788000	0.100721
0.789000	0.100723
0.790000	0.100724
0.791000	0.100726
0.792000	0.100728
0.793000	0.100730
0.794000	0.100731
0.795000	0.100733
0.796000	0.100735
0.797000	0.100736
0.798000	0.100738
0.799000	0.100740
0.800000	0.100741
0.801000	0.100743
0.802000	0.100745
0.803000	0.100746
0.804000	0.100748
0.805000	0.100749
0.806000	0.100751
0.807000	0.100753
0.808000	0.100754
0.809000	0.100756
0.810000	0.100757
0.811000	0.100759
0.812000	0.100760
0.813000	0.100762
0.814000	0.100763
0.815000	0.100765
0.816000	0.100766
0.817000	0.100768
0.818000	0.100769
0.819000	0.100770
0.820000	0.100772
0.821000	0.100773
0.822000	0.100775
0.823000	0.100776
0.824000	0.100777
0.825000	0.100779
0.826000	0.100780
0.827000	0.100781
0.828000	0.100783
0.829000	0.100784
0.830000	0.100785
0.831000	0.100787
0.832000	0.100788
0.833000	0.100789
0.834000	0.100790
0.835000	0.100792
0.836000	0.100793
0.837000	0.100794
0.838000	0.100795
0.839000	0.100797
0.840000	0.100798
0.841000	0.100799
0.842000	0.100800
0.843000	0.100801
0.844000	0.100802
0.845000	0.100803
0.846000	0.100805
0.847000	0.100806
0.848000	0.100807
0.849000	0.100808
0.850000	0.100809
0.851000	0.100810
0.852000	0.100811
0.853000	0.100812
0.854000	0.100813
0.855000	0.100814
0.856000	0.100815
0.857000	0.100816
0.858000	0.100817
0.859000	0.100818
0.860000	0.100819
0.861000	0.100820
0.862000	0.100821
0.863000	0.100822
0.864000	0.100823
0.865000	0.100824
0.866000	0.100825
0.867000	0.100825
0.868000	0.100826
0.869000	0.100827
0.870000	0.100828
0.871000	0.100829
0.872000	0.100830
0.873000	0.100830
0.874000	0.100831
0.875000	0.100832
0.876000	0.100833
0.877000	0.100834
0.878000	0.100834
0.879000	0.100835
0.880000	0.100836
0.881000	0.100837
0.882000	0.100837
0.883000	0.100838
0.884000	0.100839
0.885000	0.100839
0.886000	0.100840
0.887000	0.100841
0.888000	0.100841
0.889000	0.100842
0.890000	0.100843
0.891000	0.100843
0.892000	0.100844
0.893000	0.100845
0.894000	0.100845
0.895000	0.100846
0.896000	0.100846
0.897000	0.100847
0.898000	0.100848
0.899000	0.100848
0.900000	0.100849
0.901000	0.100849
0.902000	0.100850
0.903000	0.100850
0.904000	0.100851
0.905000	0.100851
0.906000	0.100852
0.907000	0.100852
0.908000	0.100853
0.909000	0.100853
0.910000	0.100854
0.911000	0.100854
0.912000	0.100855
0.913000	0.100855
0.914000	0.100855
0.915000	0.100856
0.916000	0.100856
0.917000	0.100857
0.918000	0.100857
0.919000	0.100857
0.920000	0.100858
0.921000	0.100858
0.922000	0.100859
0.923000	0.100859
0.924000	0.100859
0.925000	0.100860
0.926000	0.100860
0.927000	0.100860
0.928000	0.100861
0.929000	0.100861
0.930000	0.100861
0.931000	0.100862
0.932000	0.100862
0.933000	0.100862
0.934000	0.100862
0.935000	0.100863
0.936000	0.100863
0.937000	0.100863
0.938000	0.100863
0.939000	0.100864
0.940000	0.100864
0.941000	0.100864
0.942000	0.100864
0.943000	0.100865
0.944000	0.100865
0.945000	0.100865
0.946000	0.100865
0.947000	0.100865
0.948000	0.100866
0.949000	0.100866
0.950000	0.100866
0.951000	0.100866
0.952000	0.100866
0.953000	0.100866
0.954000	0.100867
0.955000	0.100867
0.956000	0.100867
0.957000	0.100867
0.958000	0.100867
0.959000	0.100867
0.960000	0.100867
0.961000	0.100867
0.962000	0.100868
0.963000	0.100868
0.964000	0.100868
0.965000	0.100868
0.966000	0.100868
0.967000	0.100868
0.968000	0.100868
0.969000	0.100868
0.970000	0.100868
0.971000	0.100868
0.972000	0.100868
0.973000	0.100869
0.974000	0.100869
0.975000	0.100869
0.976000	0.100869
0.977000	0.100869
0.978000	0.100869
0.979000	0.100869
0.980000	0.100869
0.981000	0.100869
0.982000	0.100869
0.983000	0.100869
0.984000	0.100869
0.985000	0.100869
0.986000	0.100869
0.987000	0.100869
0.988000	0.100869
0.989000	0.100869
0.990000	0.100869
0.991000	0.100869
0.992000	0.100869
0.993000	0.100869
0.994000	0.100869
0.995000	0.100869
0.996000	0.100869
0.997000	0.100869
0.998000	0.100869
0.999000	0.100869
1.000000	0.100869
1.001000	0.100869
1.002000	0.100869
1.003000	0.100869
1.004000	0.100869
1.005000	0.100869
1.006000	0.100869
1.007000	0.100869
1.008000	0.100869
1.009000	0.100869
1.010000	0.100869
1.011000	0.100869
1.012000	0.100869
1.013000	0.100869
1.014000	0.100869
1.015000	0.100869
1.016000	0.100869
1.017000	0.100869
1.018000	0.100869
1.019000	0.100869
1.020000	0.100869
1.021000	0.100869
1.022000	0.100869
1.023000	0.100869
1.024000	0.100869
1.025000	0.100869
1.026000	0.100869
1.027000	0.100869
1.028000	0.100869
1.029000	0.100869
1.030000	0.100869
1.031000	0.100869
1.032000	0.100870
1.033000	0.100870
1.034000	0.100870
1.035000	0.100870
1.036000	0.100870
1.037000	0.100870
1.038000	0.100870
1.039000	0.100870
1.040000	0.100870
1.041000	0.100870
1.042000	0.100870
1.043000	0.100870
1.044000	0.100870
1.045000	0.100870
1.046000	0.100870
1.047000	0.100870
1.048000	0.100870
1.049000	0.100870
1.050000	0.100870
1.051000	0.100870
1.052000	0.100870
1.053000	0.100871
1.054000	0.100871
1.055000	0.100871
1.056000	0.100871
1.057000	0.100871
1.058000	0.100871
1.059000	0.100871
1.060000	0.100871
1.061000	0.100871
1.062000	0.100872
1.063000	0.100872
1.064000	0.100872
1.065000	0.100872
1.066000	0.100872
1.067000	0.100872
1.068000	0.100872
1.069000	0.100873
1.070000	0.100873
1.071000	0.100873
1.072000	0.100873
1.073000	0.100873
1.074000	0.100873
1.075000	0.100874
1.076000	0.100874
1.077000	0.100874
1.078000	0.100874
1.079000	0.100874
1.080000	0.100875
1.081000	0.100875
1.082000	0.100875
1.083000	0.100875
1.084000	0.100876
1.085000	0.100876
1.086000	0.100876
1.087000	0.100876
1.088000	0.100877
1.089000	0.100877
1.090000	0.100877
1.091000	0.100878
1.092000	0.100878
1.093000	0.100878
1.094000	0.100878
1.095000	0.100879
1.096000	0.100879
1.097000	0.100879
1.098000	0.100880
1.099000	0.100880
1.100000	0.100881
1.101000	0.100881
1.102000	0.100881
1.103000	0.100882
1.104000	0.100882
1.105000	0.100883
1.106000	0.100883
1.107000	0.100883
1.108000	0.100884
1.109000	0.100884
1.110000	0.100885
1.111000	0.100885
1.112000	0.100886
1.113000	0.100886
1.114000	0.100887
1.115000	0.100887
1.116000	0.100888
1.117000	0.100888
1.118000	0.100889
1.119000	0.100889
1.120000	0.100890
1.121000	0.100890
1.122000	0.100891
1.123000	0.100891
1.124000	0.100892
1.125000	0.100892
1.126000	0.100893
1.127000	0.100894
1.128000	0.100894
1.129000	0.100895
1.130000	0.100896
1.131000	0.100896
1.132000	0.100897
1.133000	0.100897
1.134000	0.100898
1.135000	0.100899
1.136000	0.100900
1.137000	0.100900
1.138000	0.100901
1.139000	0.100902
1.140000	0.100902
1.141000	0.100903
1.142000	0.100904
1.143000	0.100905
1.144000	0.100905
1.145000	0.100906
1.146000	0.100907
1.147000	0.100908
1.148000	0.100909
1.149000	0.100909
1.150000	0.100910
1.151000	0.100911
1.152000	0.100912
1.153000	0.100913
1.154000	0.100914
1.155000	0.100915
1.156000	0.100916
1.157000	0.100916
1.158000	0.100917
1.159000	0.100918
1.160000	0.100919
1.161000	0.100920
1.162000	0.100921
1.163000	0.100922
1.164000	0.100923
1.165000	0.100924
1.166000	0.100925
1.167000	0.100926
1.168000	0.100927
1.169000	0.100928
1.170000	0.100929
1.171000	0.100930
1.172000	0.100932
1.173000	0.100933
1.174000	0.100934
1.175000	0.100935
1.176000	0.100936
1.177000	0.100937
1.178000	0.100938
1.179000	0.100939
1.180000	0.100941
1.181000	0.100942
1.182000	0.100943
1.183000	0.100944
1.184000	0.100945
1.185000	0.100947
1.186000	0.100948
1.187000	0.100949
1.188000	0.100951
1.189000	0.100952
1.190000	0.100953
1.191000	0.100954
1.192000	0.100956
1.193000	0.100957
1.194000	0.100958
1.195000	0.100960
1.196000	0.100961
1.197000	0.100962
1.198000	0.100964
1.199000	0.100965
1.200000	0.100967
1.201000	0.100968
1.202000	0.100970
1.203000	0.100971
1.204000	0.100972
1.205000	0.100974
1.206000	0.100975
1.207000	0.100977
1.208000	0.100978
1.209000	0.100980
1.210000	0.100981
1.211000	0.100983
1.212000	0.100985
1.213000	0.100986
1.214000	0.100988
1.215000	0.100989
1.216000	0.100991
1.217000	0.100993
1.218000	0.100994
1.219000	0.100996
1.220000	0.100997
1.221000	0.100999
1.222000	0.101001
1.223000	0.101002
1.224000	0.101004
1.225000	0.101006
1.226000	0.101008
1.227000	0.101009
1.228000	0.101011
1.229000	0.101013
1.230000	0.101015
1.231000	0.101016
1.232000	0.101018
1.233000	0.101020
1.234000	0.101022
1.235000	0.101024
1.236000	0.101025
1.237000	0.101027
1.238000	0.101029
1.239000	0.101031
1.240000	0.101033
1.241000	0.101035
1.242000	0.101037
1.243000	0.101039
1.244000	0.101041
1.245000	0.101043
1.246000	0.101044
1.247000	0.101046
1.248000	0.101048
1.249000	0.101050
1.250000	0.101052
1.251000	0.101054
1.252000	0.101056
1.253000	0.101058
1.254000	0.101060
1.255000	0.101062
1.256000	0.101065
1.257000	0.101067
1.258000	0.101069
1.259000	0.101071
1.260000	0.101073
1.261000	0.101075
1.262000	0.101077
1.263000	0.101079
1.264000	0.101081
1.265000	0.101084
1.266000	0.101086
1.267000	0.101088
1.268000	0.101090
1.269000	0.101092
1.270000	0.101094
1.271000	0.101097
1.272000	0.101099
1.273000	0.101101
1.274000	0.101103
1.275000	0.101106
1.276000	0.101108
1.277000	0.101110
1.278000	0.101112
1.279000	0.101115
1.280000	0.101117
1.281000	0.101119
1.282000	0.101122
1.283000	0.101124
1.284000	0.101126
1.285000	0.101129
1.286000	0.101131
1.287000	0.101133
1.288000	0.101136
1.289000	0.101138
1.290000	0.101140
1.291000	0.101143
1.292000	0.101145
1.293000	0.101148
1.294000	0.101150
1.295000	0.101152
1.296000	0.101155
1.297000	0.101157
1.298000	0.101160
1.299000	0.101162
1.300000	0.101165
1.301000	0.101167
1.302000	0.101170
1.303000	0.101172
1.304000	0.101175
1.305000	0.101177
1.306000	0.101180
1.307000	0.101182
1.308000	0.101185
1.309000	0.101187
1.310000	0.101190
1.311000	0.101192
1.312000	0.101195
1.313000	0.101197
1.314000	0.101200
1.315000	0.101203
1.316000	0.101205
1.317000	0.101208
1.318000	0.101210
1.319000	0.101213
1.320000	0.101216
1.321000	0.101218
1.322000	0.101221
1.323000	0.101223
1.324000	0.101226
1.325000	0.101229
1.326000	0.101231
1.327000	0.101234
1.328000	0.101237
1.329000	0.101239
1.330000	0.101242
1.331000	0.101245
1.332000	0.101247
1.333000	0.101250
1.334000	0.101253
1.335000	0.101255
1.336000	0.101258
1.337000	0.101261
1.338000	0.101263
1.339000	0.101266
1.340000	0.101269
1.341000	0.101271
1.342000	0.101274
1.343000	0.101277
1.344000	0.101280
1.345000	0.101282
1.346000	0.101285
1.347000	0.101288
1.348000	0.101291
1.349000	0.101293
1.350000	0.101296
1.351000	0.101299
1.352000	0.101301
1.353000	0.101304
1.354000	0.101307
1.355000	0.101310
1.356000	0.101312
1.357000	0.101315
1.358000	0.101318
1.359000	0.101321
1.360000	0.101324
1.361000	0.101326
1.362000	0.101329
1.363000	0.101332
1.364000	0.101335
1.365000	0.101337
1.366000	0.101340
1.367000	0.101343
1.368000	0.101346
1.369000	0.101349
1.370000	0.101351
1.371000	0.101354
1.372000	0.101357
1.373000	0.101360
1.374000	0.101362
1.375000	0.101365
1.376000	0.101368
1.377000	0.101371
1.378000	0.101374
1.379000	0.101376
1.380000	0.101379
1.381000	0.101382
1.382000	0.101385
1.383000	0.101387
1.384000	0.101390
1.385000	0.101393
1.386000	0.101396
1.387000	0.101399
1.388000	0.101401
1.389000	0.101404
1.390000	0.101407
1.391000	0.101410
1.392000	0.101412
1.393000	0.101415
1.394000	0.101418
1.395000	0.101421
1.396000	0.101423
1.397000	0.101426
1.398000	0.101429
1.399000	0.101432
1.400000	0.101434
1.401000	0.101437
1.402000	0.101440
1.403000	0.101443
1.404000	0.101445
1.405000	0.101448
1.406000	0.101451
1.407000	0.101454
1.408000	0.101456
1.409000	0.101459
1.410000	0.101462
1.411000	0.101465
1.412000	0.101467
1.413000	0.101470
1.414000	0.101473
1.415000	0.101475
1.416000	0.101478
1.417000	0.101481
1.418000	0.101483
1.419000	0.101486
1.420000	0.101489
1.421000	0.101491
1.422000	0.101494
1.423000	0.101497
1.424000	0.101499
1.425000	0.101502
1.426000	0.101505
1.427000	0.101507
1.428000	0.101510
1.429000	0.101513
1.430000	0.101515
1.431000	0.101518
1.432000	0.101521
1.433000	0.101523
1.434000	0.101526
1.435000	0.101528
1.436000	0.101531
1.437000	0.101533
1.438000	0.101536
1.439000	0.101539
1.440000	0.101541
1.441000	0.101544
1.442000	0.101546
1.443000	0.101549
1.444000	0.101551
1.445000	0.101554
1.446000	0.101556
1.447000	0.101559
1.448000	0.101561
1.449000	0.101564
1.450000	0.101566
1.451000	0.101569
1.452000	0.101571
1.453000	0.101574
1.454000	0.101576
1.455000	0.101579
1.456000	0.101581
1.457000	0.101584
1.458000	0.101586
1.459000	0.101588
1.460000	0.101591
1.461000	0.101593
1.462000	0.101596
1.463000	0.101598
1.464000	0.101600
1.465000	0.101603
1.466000	0.101605
1.467000	0.101607
1.468000	0.101610
1.469000	0.101612
1.470000	0.101614
1.471000	0.101617
1.472000	0.101619
1.473000	0.101621
1.474000	0.101623
1.475000	0.101626
1.476000	0.101628
1.477000	0.101630
1.478000	0.101632
1.479000	0.101635
1.480000	0.101637
1.481000	0.101639
1.482000	0.101641
1.483000	0.101643
1.484000	0.101646
1.485000	0.101648
1.486000	0.101650
1.487000	0.101652
1.488000	0.101654
1.489000	0.101656
1.490000	0.101658
1.491000	0.101660
1.492000	0.101662
1.493000	0.101665
1.494000	0.101667
1.495000	0.101669
1.496000	0.101671
1.497000	0.101673
1.498000	0.101675
1.499000	0.101677
1.500000	0.101679
1.501000	0.101681
1.502000	0.101683
1.503000	0.101685
1.504000	0.101687
1.505000	0.101688
1.506000	0.101690
1.507000	0.101692
1.508000	0.101694
1.509000	0.101696
1.510000	0.101698
1.511000	0.101700
1.512000	0.101702
1.513000	0.101703
1.514000	0.101705
1.515000	0.101707
1.516000	0.101709
1.517000	0.101711
1.518000	0.101712
1.519000	0.101714
1.520000	0.101716
1.521000	0.101718
1.522000	0.101719
1.523000	0.101721
1.524000	0.101723
1.525000	0.101724
1.526000	0.101726
1.527000	0.101728
1.528000	0.101729
1.529000	0.101731
1.530000	0.101733
1.531000	0.101734
1.532000	0.101736
1.533000	0.101737
1.534000	0.101739
1.535000	0.101740
1.536000	0.101742
1.537000	0.101744
1.538000	0.101745
1.539000	0.101747
1.540000	0.101748
1.541000	0.101750
1.542000	0.101751
1.543000	0.101752
1.544000	0.101754
1.545000	0.101755
1.546000	0.101757
1.547000	0.101758
1.548000	0.101759
1.549000	0.101761
1.550000	0.101762
1.551000	0.101764
1.552000	0.101765
1.553000	0.101766
1.554000	0.101767
1.555000	0.101769
1.556000	0.101770
1.557000	0.101771
1.558000	0.101773
1.559000	0.101774
1.560000	0.101775
1.561000	0.101776
1.562000	0.101777
1.563000	0.101779
1.564000	0.101780
1.565000	0.101781
1.566000	0.101782
1.567000	0.101783
1.568000	0.101784
1.569000	0.101786
1.570000	0.101787
1.571000	0.101788
1.572000	0.101789
1.573000	0.101790
1.574000	0.101791
1.575000	0.101792
1.576000	0.101793
1.577000	0.101794
1.578000	0.101795
1.579000	0.101796
1.580000	0.101797
1.581000	0.101798
1.582000	0.101799
1.583000	0.101800
1.584000	0.101801
1.585000	0.101802
1.586000	0.101803
1.587000	0.101803
1.588000	0.101804
1.589000	0.101805
1.590000	0.101806
1.591000	0.101807
1.592000	0.101808
1.593000	0.101809
1.594000	0.101809
1.595000	0.101810
1.596000	0.101811
1.597000	0.101812
1.598000	0.101812
1.599000	0.101813
1.600000	0.101814
1.601000	0.101815
1.602000	0.101815
1.603000	0.101816
1.604000	0.101817
1.605000	0.101817
1.606000	0.101818
1.607000	0.101819
1.608000	0.101819
1.609000	0.101820
1.610000	0.101821
1.611000	0.101821
1.612000	0.101822
1.613000	0.101823
1.614000	0.101823
1.615000	0.101824
1.616000	0.101824
1.617000	0.101825
1.618000	0.101825
1.619000	0.101826
1.620000	0.101826
1.621000	0.101827
1.622000	0.101828
1.623000	0.101828
1.624000	0.101829
1.625000	0.101829
1.626000	0.101829
1.627000	0.101830
1.628000	0.101830
1.629000	0.101831
1.630000	0.101831
1.631000	0.101832
1.632000	0.101832
1.633000	0.101833
1.634000	0.101833
1.635000	0.101833
1.636000	0.101834
1.637000	0.101834
1.638000	0.101834
1.639000	0.101835
1.640000	0.101835
1.641000	0.101835
1.642000	0.101836
1.643000	0.101836
1.644000	0.101836
1.645000	0.101837
1.646000	0.101837
1.647000	0.101837
1.648000	0.101838
1.649000	0.101838
1.650000	0.101838
1.651000	0.101838
1.652000	0.101839
1.653000	0.101839
1.654000	0.101839
1.655000	0.101839
1.656000	0.101840
1.657000	0.101840
1.658000	0.101840
1.659000	0.101840
1.660000	0.101840
1.661000	0.101841
1.662000	0.101841
1.663000	0.101841
1.664000	0.101841
1.665000	0.101841
1.666000	0.101842
1.667000	0.101842
1.668000	0.101842
1.669000	0.101842
1.670000	0.101842
1.671000	0.101842
1.672000	0.101842
1.673000	0.101843
1.674000	0.101843
1.675000	0.101843
1.676000	0.101843
1.677000	0.101843
1.678000	0.101843
1.679000	0.101843
1.680000	0.101843
1.681000	0.101843
1.682000	0.101843
1.683000	0.101844
1.684000	0.101844
1.685000	0.101844
1.686000	0.101844
1.687000	0.101844
1.688000	0.101844
1.689000	0.101844
1.690000	0.101844
1.691000	0.101844
1.692000	0.101844
1.693000	0.101844
1.694000	0.101844
1.695000	0.101844
1.696000	0.101844
1.697000	0.101844
1.698000	0.101844
1.699000	0.101844
1.700000	0.101844
1.701000	0.101844
1.702000	0.101844
1.703000	0.101844
1.704000	0.101844
1.705000	0.101844
1.706000	0.101844
1.707000	0.101844
1.708000	0.101844
1.709000	0.101844
1.710000	0.101844
1.711000	0.101844
1.712000	0.101844
1.713000	0.101844
1.714000	0.101844
1.715000	0.101844
1.716000	0.101844
1.717000	0.101844
1.718000	0.101844
1.719000	0.101844
1.720000	0.101844
1.721000	0.101844
1.722000	0.101844
1.723000	0.101844
1.724000	0.101844
1.725000	0.101844
1.726000	0.101844
1.727000	0.101844
1.728000	0.101844
1.729000	0.101844
1.730000	0.101844
1.731000	0.101844
1.732000	0.101844
1.733000	0.101844
1.734000	0.101844
1.735000	0.101844
1.736000	0.101844
1.737000	0.101844
1.738000	0.101844
1.739000	0.101844
1.740000	0.101843
1.741000	0.101843
1.742000	0.101843
1.743000	0.101843
1.744000	0.101843
1.745000	0.101843
1.746000	0.101843
1.747000	0.101843
1.748000	0.101843
1.749000	0.101843
1.750000	0.101843
1.751000	0.101843
1.752000	0.101843
1.753000	0.101843
1.754000	0.101843
1.755000	0.101843
1.756000	0.101843
1.757000	0.101843
1.758000	0.101843
1.759000	0.101843
1.760000	0.101843
1.761000	0.101843
1.762000	0.101843
1.763000	0.101843
1.764000	0.101842
1.765000	0.101842
1.766000	0.101842
1.767000	0.101842
1.768000	0.101842
1.769000	0.101842
1.770000	0.101842
1.771000	0.101842
1.772000	0.101842
1.773000	0.101842
1.774000	0.101842
1.775000	0.101842
1.776000	0.101842
1.777000	0.101842
1.778000	0.101842
1.779000	0.101842
1.780000	0.101842
1.781000	0.101842
1.782000	0.101842
1.783000	0.101842
1.784000	0.101842
1.785000	0.101842
1.786000	0.101842
1.787000	0.101842
1.788000	0.101842
1.789000	0.101842
1.790000	0.101842
1.791000	0.101842
1.792000	0.101842
1.793000	0.101842
1.794000	0.101842
1.795000	0.101842
1.796000	0.101842
1.797000	0.101842
1.798000	0.101842
1.799000	0.101842
1.800000	0.101842
1.801000	0.101842
1.802000	0.101841
1.803000	0.101841
1.804000	0.101841
1.805000	0.101841
1.806000	0.101841
1.807000	0.101841
1.808000	0.101841
1.809000	0.101841
1.810000	0.101841
1.811000	0.101841
1.812000	0.101841
1.813000	0.101841
1.814000	0.101841
1.815000	0.101841
1.816000	0.101841
1.817000	0.101841
1.818000	0.101841
1.819000	0.101841
1.820000	0.101841
1.821000	0.101841
1.822000	0.101841
1.823000	0.101841
1.824000	0.101841
1.825000	0.101841
1.826000	0.101841
1.827000	0.101841
1.828000	0.101841
1.829000	0.101841
1.830000	0.101841
1.831000	0.101841
1.832000	0.101841
1.833000	0.101841
1.834000	0.101841
1.835000	0.101841
1.836000	0.101841
1.837000	0.101841
1.838000	0.101841
1.839000	0.101841
1.840000	0.101841
1.841000	0.101841
1.842000	0.101841
1.843000	0.101841
1.844000	0.101841
1.845000	0.101841
1.846000	0.101841
1.847000	0.101841
1.848000	0.101841
1.849000	0.101841
1.850000	0.101841
1.851000	0.101841
1.852000	0.101841
1.853000	0.101841
1.854000	0.101841
1.855000	0.101841
1.856000	0.101841
1.857000	0.101841
1.858000	0.101841
1.859000	0.101841
1.860000	0.101841
1.861000	0.101841
1.862000	0.101841
1.863000	0.101841
1.864000	0.101841
1.865000	0.101841
1.866000	0.101841
1.867000	0.101841
1.868000	0.101841
1.869000	0.101841
1.870000	0.101841
1.871000	0.101841
1.872000	0.101841
1.873000	0.101841
1.874000	0.101841
1.875000	0.101841
1.876000	0.101841
1.877000	0.101841
1.878000	0.101841
1.879000	0.101841
1.880000	0.101841
1.881000	0.101841
1.882000	0.101841
1.883000	0.101841
1.884000	0.101841
1.885000	0.101841
1.886000	0.101841
1.887000	0.101841
1.888000	0.101841
1.889000	0.101841
1.890000	0.101841
1.891000	0.101841
1.892000	0.101841
1.893000	0.101841
1.894000	0.101841
1.895000	0.101841
1.896000	0.101841
1.897000	0.101841
1.898000	0.101841
1.899000	0.101841
1.900000	0.101841
1.901000	0.101841
1.902000	0.101841
1.903000	0.101841
1.904000	0.101841
1.905000	0.101841
1.906000	0.101841
1.907000	0.101841
1.908000	0.101841
1.909000	0.101841
1.910000	0.101841
1.911000	0.101841
1.912000	0.101841
1.913000	0.101841
1.914000	0.101841
1.915000	0.101841
1.916000	0.101841
1.917000	0.101841
1.918000	0.101841
1.919000	0.101841
1.920000	0.101840
1.921000	0.101840
1.922000	0.101840
1.923000	0.101840
1.924000	0.101840
1.925000	0.101840
1.926000	0.101840
1.927000	0.101840
1.928000	0.101840
1.929000	0.101840
1.930000	0.101840
1.931000	0.101840
1.932000	0.101840
1.933000	0.101840
1.934000	0.101840
1.935000	0.101840
1.936000	0.101840
1.937000	0.101840
1.938000	0.101840
1.939000	0.101840
1.940000	0.101840
1.941000	0.101840
1.942000	0.101840
1.943000	0.101840
1.944000	0.101840
1.945000	0.101840
1.946000	0.101840
1.947000	0.101840
1.948000	0.101840
1.949000	0.101840
1.950000	0.101840
1.951000	0.101840
1.952000	0.101840
1.953000	0.101840
1.954000	0.101840
1.955000	0.101840
1.956000	0.101840
1.957000	0.101840
1.958000	0.101840
1.959000	0.101839
1.960000	0.101839
1.961000	0.101839
1.962000	0.101839
1.963000	0.101839
1.964000	0.101839
1.965000	0.101839
1.966000	0.101839
1.967000	0.101839
1.968000	0.101839
1.969000	0.101839
1.970000	0.101839
1.971000	0.101839
1.972000	0.101839
1.973000	0.101839
1.974000	0.101839
1.975000	0.101839
1.976000	0.101839
1.977000	0.101839
1.978000	0.101839
1.979000	0.101839
1.980000	0.101839
1.981000	0.101839
1.982000	0.101839
1.983000	0.101839
1.984000	0.101839
1.985000	0.101839
1.986000	0.101839
1.987000	0.101839
1.988000	0.101839
1.989000	0.101839
1.990000	0.101839
1.991000	0.101839
1.992000	0.101839
1.993000	0.101839
1.994000	0.101839
1.995000	0.101839
1.996000	0.101839
1.997000	0.101839
1.998000	0.101839
1.999000	0.101839
2.000000	0.101839
2.001000	0.101839
2.002000	0.101839
2.003000	0.101839
2.004000	0.101839
2.005000	0.101839
2.006000	0.101839
2.007000	0.101839
2.008000	0.101839
2.009000	0.101839
2.010000	0.101839
2.011000	0.101839
2.012000	0.101839
2.013000	0.101839
2.014000	0.101839
2.015000	0.101839
2.016000	0.101839
2.017000	0.101839
2.018000	0.101839
2.019000	0.101839
2.020000	0.101839
2.021000	0.101839
2.022000	0.101839
2.023000	0.101839
2.024000	0.101839
2.025000	0.101839
2.026000	0.101839
2.027000	0.101839
2.028000	0.101839
2.029000	0.101839
2.030000	0.101839
2.031000	0.101839
2.032000	0.101839
2.033000	0.101839
2.034000	0.101839
2.035000	0.101839
2.036000	0.101839
2.037000	0.101839
2.038000	0.101839
2.039000	0.101839
2.040000	0.101839
2.041000	0.101839
2.042000	0.101839
2.043000	0.101839
2.044000	0.101839
2.045000	0.101839
2.046000	0.101839
2.047000	0.101839
2.048000	0.101839
2.049000	0.101839
2.050000	0.101839
2.051000	0.101839
2.052000	0.101839
2.053000	0.101840
2.054000	0.101840
2.055000	0.101840
2.056000	0.101840
2.057000	0.101840
2.058000	0.101840
2.059000	0.101840
2.060000	0.101840
2.061000	0.101840
2.062000	0.101840
2.063000	0.101840
2.064000	0.101840
2.065000	0.101840
2.066000	0.101840
2.067000	0.101840
2.068000	0.101840
2.069000	0.101840
2.070000	0.101840
2.071000	0.101840
2.072000	0.101840
2.073000	0.101840
2.074000	0.101840
2.075000	0.101840
2.076000	0.101840
2.077000	0.101840
2.078000	0.101840
2.079000	0.101840
2.080000	0.101840
2.081000	0.101840
2.082000	0.101840
2.083000	0.101840
2.084000	0.101840
2.085000	0.101840
2.086000	0.101840
2.087000	0.101840
2.088000	0.101840
2.089000	0.101840
2.090000	0.101840
2.091000	0.101840
2.092000	0.101840
2.093000	0.101840
2.094000	0.101840
2.095000	0.101840
2.096000	0.101840
2.097000	0.101840
2.098000	0.101840
2.099000	0.101840
2.100000	0.101840
2.101000	0.101840
2.102000	0.101841
2.103000	0.101841
2.104000	0.101841
2.105000	0.101841
2.106000	0.101841
2.107000	0.101841
2.108000	0.101841
2.109000	0.101841
2.110000	0.101841
2.111000	0.101841
2.112000	0.101841
2.113000	0.101841
2.114000	0.101841
2.115000	0.101841
2.116000	0.101841
2.117000	0.101841
2.118000	0.101841
2.119000	0.101841
2.120000	0.101841
2.121000	0.101841
2.122000	0.101841
2.123000	0.101841
2.124000	0.101841
2.125000	0.101841
2.126000	0.101841
2.127000	0.101841
2.128000	0.101841
2.129000	0.101841
2.130000	0.101841
2.131000	0.101841
2.132000	0.101841
2.133000	0.101841
2.134000	0.101841
2.135000	0.101841
2.136000	0.101841
2.137000	0.101841
2.138000	0.101841
2.139000	0.101841
2.140000	0.101841
2.141000	0.101841
2.142000	0.101841
2.143000	0.101841
2.144000	0.101841
2.145000	0.101841
2.146000	0.101841
2.147000	0.101841
2.148000	0.101841
2.149000	0.101841
2.150000	0.101841
2.151000	0.101841
2.152000	0.101841
2.153000	0.101841
2.154000	0.101841
2.155000	0.101841
2.156000	0.101841
2.157000	0.101841
2.158000	0.101841
2.159000	0.101841
2.160000	0.101841
2.161000	0.101841
2.162000	0.101841
2.163000	0.101841
2.164000	0.101841
2.165000	0.101841
2.166000	0.101841
2.167000	0.101841
2.168000	0.101841
2.169000	0.101841
2.170000	0.101841
2.171000	0.101841
2.172000	0.101841
2.173000	0.101841
2.174000	0.101841
2.175000	0.101841
2.176000	0.101841
2.177000	0.101841
2.178000	0.101841
2.179000	0.101841
2.180000	0.101841
2.181000	0.101841
2.182000	0.101841
2.183000	0.101841
2.184000	0.101841
2.185000	0.101841
2.186000	0.101841
2.187000	0.101841
2.188000	0.101841
2.189000	0.101841
2.190000	0.101841
2.191000	0.101841
2.192000	0.101841
2.193000	0.101841
2.194000	0.101841
2.195000	0.101841
2.196000	0.101841
2.197000	0.101841
2.198000	0.101841
2.199000	0.101841
2.200000	0.101841
2.201000	0.101841
2.202000	0.101841
2.203000	0.101841
2.204000	0.101841
2.205000	0.101841
2.206000	0.101841
2.207000	0.101841
2.208000	0.101841
2.209000	0.101841
2.210000	0.101841
2.211000	0.101841
2.212000	0.101841
2.213000	0.101841
2.214000	0.101841
2.215000	0.101841
2.216000	0.101841
2.217000	0.101841
2.218000	0.101841
2.219000	0.101841
2.220000	0.101841
2.221000	0.101841
2.222000	0.101841
2.223000	0.101841
2.224000	0.101841
2.225000	0.101841
2.226000	0.101841
2.227000	0.101841
2.228000	0.101841
2.229000	0.101841
2.230000	0.101841
2.231000	0.101841
2.232000	0.101841
2.233000	0.101842
2.234000	0.101842
2.235000	0.101842
2.236000	0.101842
2.237000	0.101842
2.238000	0.101842
2.239000	0.101842
2.240000	0.101842
2.241000	0.101842
2.242000	0.101842
2.243000	0.101842
2.244000	0.101842
2.245000	0.101842
2.246000	0.101842
2.247000	0.101842
2.248000	0.101842
2.249000	0.101842
2.250000	0.101842
2.251000	0.101842
2.252000	0.101842
2.253000	0.101842
2.254000	0.101842
2.255000	0.101842
2.256000	0.101842
2.257000	0.101842
2.258000	0.101842
2.259000	0.101842
2.260000	0.101842
2.261000	0.101842
2.262000	0.101842
2.263000	0.101842
2.264000	0.101842
2.265000	0.101842
2.266000	0.101842
2.267000	0.101843
2.268000	0.101843
2.269000	0.101843
2.270000	0.101843
2.271000	0.101843
2.272000	0.101843
2.273000	0.101843
2.274000	0.101843
2.275000	0.101843
2.276000	0.101843
2.277000	0.101843
2.278000	0.101843
2.279000	0.101843
2.280000	0.101843
2.281000	0.101843
2.282000	0.101843
2.283000	0.101843
2.284000	0.101843
2.285000	0.101843
2.286000	0.101843
2.287000	0.101843
2.288000	0.101843
2.289000	0.101843
2.290000	0.101843
2.291000	0.101843
2.292000	0.101843
2.293000	0.101843
2.294000	0.101843
2.295000	0.101843
2.296000	0.101843
2.297000	0.101843
2.298000	0.101843
2.299000	0.101843
2.300000	0.101843
2.301000	0.101843
2.302000	0.101843
2.303000	0.101843
2.304000	0.101843
2.305000	0.101843
2.306000	0.101843
2.307000	0.101843
2.308000	0.101843
2.309000	0.101843
2.310000	0.101843
2.311000	0.101843
2.312000	0.101843
2.313000	0.101843
2.314000	0.101843
2.315000	0.101843
2.316000	0.101843
2.317000	0.101843
2.318000	0.101843
2.319000	0.101843
2.320000	0.101842
2.321000	0.101842
2.322000	0.101842
2.323000	0.101842
2.324000	0.101842
2.325000	0.101842
2.326000	0.101842
2.327000	0.101842
2.328000	0.101842
2.329000	0.101842
2.330000	0.101842
2.331000	0.101842
2.332000	0.101842
2.333000	0.101841
2.334000	0.101841
2.335000	0.101841
2.336000	0.101841
2.337000	0.101841
2.338000	0.101841
2.339000	0.101841
2.340000	0.101841
2.341000	0.101840
2.342000	0.101840
2.343000	0.101840
2.344000	0.101840
2.345000	0.101840
2.346000	0.101840
2.347000	0.101840
2.348000	0.101839
2.349000	0.101839
2.350000	0.101839
2.351000	0.101839
2.352000	0.101839
2.353000	0.101838
2.354000	0.101838
2.355000	0.101838
2.356000	0.101838
2.357000	0.101838
2.358000	0.101837
2.359000	0.101837
2.360000	0.101837
2.361000	0.101837
2.362000	0.101836
2.363000	0.101836
2.364000	0.101836
2.365000	0.101836
2.366000	0.101835
2.367000	0.101835
2.368000	0.101835
2.369000	0.101834
2.370000	0.101834
2.371000	0.101834
2.372000	0.101833
2.373000	0.101833
2.374000	0.101833
2.375000	0.101832
2.376000	0.101832
2.377000	0.101832
2.378000	0.101831
2.379000	0.101831
2.380000	0.101831
2.381000	0.101830
2.382000	0.101830
2.383000	0.101829
2.384000	0.101829
2.385000	0.101829
2.386000	0.101828
2.387000	0.101828
2.388000	0.101827
2.389000	0.101827
2.390000	0.101826
2.391000	0.101826
2.392000	0.101825
2.393000	0.101825
2.394000	0.101824
2.395000	0.101824
2.396000	0.101823
2.397000	0.101823
2.398000	0.101822
2.399000	0.101822
2.400000	0.101821
2.401000	0.101821
2.402000	0.101820
2.403000	0.101819
2.404000	0.101819
2.405000	0.101818
2.406000	0.101818
2.407000	0.101817
2.408000	0.101816
2.409000	0.101816
2.410000	0.101815
2.411000	0.101814
2.412000	0.101814
2.413000	0.101813
2.414000	0.101812
2.415000	0.101812
2.416000	0.101811
2.417000	0.101810
2.418000	0.101810
2.419000	0.101809
2.420000	0.101808
2.421000	0.101807
2.422000	0.101807
2.423000	0.101806
2.424000	0.101805
2.425000	0.101804
2.426000	0.101803
2.427000	0.101803
2.428000	0.101802
2.429000	0.101801
2.430000	0.101800
2.431000	0.101799
2.432000	0.101798
2.433000	0.101797
2.434000	0.101797
2.435000	0.101796
2.436000	0.101795
2.437000	0.101794
2.438000	0.101793
2.439000	0.101792
2.440000	0.101791
2.441000	0.101790
2.442000	0.101789
2.443000	0.101788
2.444000	0.101787
2.445000	0.101786
2.446000	0.101785
2.447000	0.101784
2.448000	0.101783
2.449000	0.101782
2.450000	0.101781
2.451000	0.101779
2.452000	0.101778
2.453000	0.101777
2.454000	0.101776
2.455000	0.101775
2.456000	0.101774
2.457000	0.101773
2.458000	0.101771
2.459000	0.101770
2.460000	0.101769
2.461000	0.101768
2.462000	0.101767
2.463000	0.101765
2.464000	0.101764
2.465000	0.101763
2.466000	0.101762
2.467000	0.101760
2.468000	0.101759
2.469000	0.101758
2.470000	0.101756
2.471000	0.101755
2.472000	0.101754
2.473000	0.101752
2.474000	0.101751
2.475000	0.101750
2.476000	0.101748
2.477000	0.101747
2.478000	0.101745
2.479000	0.101744
2.480000	0.101743
2.481000	0.101741
2.482000	0.101740
2.483000	0.101738
2.484000	0.101737
2.485000	0.101735
2.486000	0.101734
2.487000	0.101732
2.488000	0.101731
2.489000	0.101729
2.490000	0.101728
2.491000	0.101726
2.492000	0.101724
2.493000	0.101723
2.494000	0.101721
2.495000	0.101720
2.496000	0.101718
2.497000	0.101716
2.498000	0.101715
2.499000	0.101713
2.500000	0.101711
2.501000	0.101710
2.502000	0.101708
2.503000	0.101706
2.504000	0.101704
2.505000	0.101703
2.506000	0.101701
2.507000	0.101699
2.508000	0.101697
2.509000	0.101696
2.510000	0.101694
2.511000	0.101692
2.512000	0.101690
2.513000	0.101688
2.514000	0.101687
2.515000	0.101685
2.516000	0.101683
2.517000	0.101681
2.518000	0.101679
2.519000	0.101677
2.520000	0.101675
2.521000	0.101673
2.522000	0.101671
2.523000	0.101669
2.524000	0.101668
2.525000	0.101666
2.526000	0.101664
2.527000	0.101662
2.528000	0.101660
2.529000	0.101658
2.530000	0.101656
2.531000	0.101654
2.532000	0.101652
2.533000	0.101650
2.534000	0.101647
2.535000	0.101645
2.536000	0.101643
2.537000	0.101641
2.538000	0.101639
2.539000	0.101637
2.540000	0.101635
2.541000	0.101633
2.542000	0.101631
2.543000	0.101629
2.544000	0.101626
2.545000	0.101624
2.546000	0.101622
2.547000	0.101620
2.548000	0.101618
2.549000	0.101615
2.550000	0.101613
2.551000	0.101611
2.552000	0.101609
2.553000	0.101607
2.554000	0.101604
2.555000	0.101602
2.556000	0.101600
2.557000	0.101597
2.558000	0.101595
2.559000	0.101593
2.560000	0.101591
2.561000	0.101588
2.562000	0.101586
2.563000	0.101584
2.564000	0.101581
2.565000	0.101579
2.566000	0.101577
2.567000	0.101574
2.568000	0.101572
2.569000	0.101570
2.570000	0.101567
2.571000	0.101565
2.572000	0.101562
2.573000	0.101560
2.574000	0.101558
2.575000	0.101555
2.576000	0.101553
2.577000	0.101550
2.578000	0.101548
2.579000	0.101545
2.580000	0.101543
2.581000	0.101540
2.582000	0.101538
2.583000	0.101535
2.584000	0.101533
2.585000	0.101530
2.586000	0.101528
2.587000	0.101525
2.588000	0.101523
2.589000	0.101520
2.590000	0.101518
2.591000	0.101515
2.592000	0.101513
2.593000	0.101510
2.594000	0.101508
2.595000	0.101505
2.596000	0.101503
2.597000	0.101500
2.598000	0.101498
2.599000	0.101495
2.600000	0.101492
2.601000	0.101490
2.602000	0.101487
2.603000	0.101485
2.604000	0.101482
2.605000	0.101480
2.606000	0.101477
2.607000	0.101474
2.608000	0.101472
2.609000	0.101469
2.610000	0.101466
2.611000	0.101464
2.612000	0.101461
2.613000	0.101459
2.614000	0.101456
2.615000	0.101453
2.616000	0.101451
2.617000	0.101448
2.618000	0.101445
2.619000	0.101443
2.620000	0.101440
2.621000	0.101437
2.622000	0.101435
2.623000	0.101432
2.624000	0.101429
2.625000	0.101427
2.626000	0.101424
2.627000	0.101421
2.628000	0.101419
2.629000	0.101416
2.630000	0.101413
2.631000	0.101411
2.632000	0.101408
2.633000	0.101405
2.634000	0.101403
2.635000	0.101400
2.636000	0.101397
2.637000	0.101395
2.638000	0.101392
2.639000	0.101389
2.640000	0.101387
2.641000	0.101384
2.642000	0.101381
2.643000	0.101379
2.644000	0.101376
2.645000	0.101373
2.646000	0.101370
2.647000	0.101368
2.648000	0.101365
2.649000	0.101362
2.650000	0.101360
2.651000	0.101357
2.652000	0.101354
2.653000	0.101352
2.654000	0.101349
2.655000	0.101346
2.656000	0.101344
2.657000	0.101341
2.658000	0.101338
2.659000	0.101336
2.660000	0.101333
2.661000	0.101330
2.662000	0.101328
2.663000	0.101325
2.664000	0.101322
2.665000	0.101319
2.666000	0.101317
2.667000	0.101314
2.668000	0.101311
2.669000	0.101309
2.670000	0.101306
2.671000	0.101303
2.672000	0.101301
2.673000	0.101298
2.674000	0.101296
2.675000	0.101293
2.676000	0.101290
2.677000	0.101288
2.678000	0.101285
2.679000	0.101282
2.680000	0.101280
2.681000	0.101277
2.682000	0.101274
2.683000	0.101272
2.684000	0.101269
2.685000	0.101267
2.686000	0.101264
2.687000	0.101261
2.688000	0.101259
2.689000	0.101256
2.690000	0.101254
2.691000	0.101251
2.692000	0.101248
2.693000	0.101246
2.694000	0.101243
2.695000	0.101241
2.696000	0.101238
2.697000	0.101236
2.698000	0.101233
2.699000	0.101230
2.700000	0.101228
2.701000	0.101225
2.702000	0.101223
2.703000	0.101220
2.704000	0.101218
2.705000	0.101215
2.706000	0.101213
2.707000	0.101210
2.708000	0.101208
2.709000	0.101205
2.710000	0.101203
2.711000	0.101200
2.712000	0.101198
2.713000	0.101195
2.714000	0.101193
2.715000	0.101190
2.716000	0.101188
2.717000	0.101186
2.718000	0.101183
2.719000	0.101181
2.720000	0.101178
2.721000	0.101176
2.722000	0.101173
2.723000	0.101171
2.724000	0.101169
2.725000	0.101166
2.726000	0.101164
2.727000	0.101162
2.728000	0.101159
2.729000	0.101157
2.730000	0.101154
2.731000	0.101152
2.732000	0.101150
2.733000	0.101148
2.734000	0.101145
2.735000	0.101143
2.736000	0.101141
2.737000	0.101138
2.738000	0.101136
2.739000	0.101134
2.740000	0.101132
2.741000	0.101129
2.742000	0.101127
2.743000	0.101125
2.744000	0.101123
2.745000	0.101120
2.746000	0.101118
2.747000	0.101116
2.748000	0.101114
2.749000	0.101112
2.750000	0.101109
2.751000	0.101107
2.752000	0.101105
2.753000	0.101103
2.754000	0.101101
2.755000	0.101099
2.756000	0.101097
2.757000	0.101094
2.758000	0.101092
2.759000	0.101090
2.760000	0.101088
2.761000	0.101086
2.762000	0.101084
2.763000	0.101082
2.764000	0.101080
2.765000	0.101078
2.766000	0.101076
2.767000	0.101074
2.768000	0.101072
2.769000	0.101070
2.770000	0.101068
2.771000	0.101066
2.772000	0.101064
2.773000	0.101062
2.774000	0.101060
2.775000	0.101058
2.776000	0.101056
2.777000	0.101054
2.778000	0.101053
2.779000	0.101051
2.780000	0.101049
2.781000	0.101047
2.782000	0.101045
2.783000	0.101043
2.784000	0.101041
2.785000	0.101040
2.786000	0.101038
2.787000	0.101036
2.788000	0.101034
2.789000	0.101032
2.790000	0.101031
2.791000	0.101029
2.792000	0.101027
2.793000	0.101025
2.794000	0.101024
2.795000	0.101022
2.796000	0.101020
2.797000	0.101019
2.798000	0.101017
2.799000	0.101015
2.800000	0.101014
2.801000	0.101012
2.802000	0.101010
2.803000	0.101009
2.804000	0.101007
2.805000	0.101006
2.806000	0.101004
2.807000	0.101002
2.808000	0.101001
2.809000	0.100999
2.810000	0.100998
2.811000	0.100996
2.812000	0.100995
2.813000	0.100993
2.814000	0.100992
2.815000	0.100990
2.816000	0.100989
2.817000	0.100987
2.818000	0.100986
2.819000	0.100984
2.820000	0.100983
2.821000	0.100982
2.822000	0.100980
2.823000	0.100979
2.824000	0.100977
2.825000	0.100976
2.826000	0.100975
2.827000	0.100973
2.828000	0.100972
2.829000	0.100971
2.830000	0.100969
2.831000	0.100968
2.832000	0.100967
2.833000	0.100966
2.834000	0.100964
2.835000	0.100963
2.836000	0.100962
2.837000	0.100961
2.838000	0.100959
2.839000	0.100958
2.840000	0.100957
2.841000	0.100956
2.842000	0.100955
2.843000	0.100954
2.844000	0.100952
2.845000	0.100951
2.846000	0.100950
2.847000	0.100949
2.848000	0.100948
2.849000	0.100947
2.850000	0.100946
2.851000	0.100945
2.852000	0.100944
2.853000	0.100943
2.854000	0.100942
2.855000	0.100941
2.856000	0.100940
2.857000	0.100939
2.858000	0.100938
2.859000	0.100937
2.860000	0.100936
2.861000	0.100935
2.862000	0.100934
2.863000	0.100933
2.864000	0.100932
2.865000	0.100931
2.866000	0.100930
2.867000	0.100929
2.868000	0.100928
2.869000	0.100927
2.870000	0.100927
2.871000	0.100926
2.872000	0.100925
2.873000	0.100924
2.874000	0.100923
2.875000	0.100922
2.876000	0.100922
2.877000	0.100921
2.878000	0.100920
2.879000	0.100919
2.880000	0.100919
2.881000	0.100918
2.882000	0.100917
2.883000	0.100916
2.884000	0.100916
2.885000	0.100915
2.886000	0.100914
2.887000	0.100914
2.888000	0.100913
2.889000	0.100912
2.890000	0.100912
2.891000	0.100911
2.892000	0.100910
2.893000	0.100910
2.894000	0.100909
2.895000	0.100908
2.896000	0.100908
2.897000	0.100907
2.898000	0.100907
2.899000	0.100906
2.900000	0.100906
2.901000	0.100905
2.902000	0.100904
2.903000	0.100904
2.904000	0.100903
2.905000	0.100903
2.906000	0.100902
2.907000	0.100902
2.908000	0.100901
2.909000	0.100901
2.910000	0.100900
2.911000	0.100900
2.912000	0.100900
2.913000	0.100899
2.914000	0.100899
2.915000	0.100898
2.916000	0.100898
2.917000	0.100897
2.918000	0.100897
2.919000	0.100897
2.920000	0.100896
2.921000	0.100896
2.922000	0.100895
2.923000	0.100895
2.924000	0.100895
2.925000	0.100894
2.926000	0.100894
2.927000	0.100894
2.928000	0.100893
2.929000	0.100893
2.930000	0.100893
2.931000	0.100892
2.932000	0.100892
2.933000	0.100892
2.934000	0.100892
2.935000	0.100891
2.936000	0.100891
2.937000	0.100891
2.938000	0.100891
2.939000	0.100890
2.940000	0.100890
2.941000	0.100890
2.942000	0.100890
2.943000	0.100889
2.944000	0.100889
2.945000	0.100889
2.946000	0.100889
2.947000	0.100889
2.948000	0.100888
2.949000	0.100888
2.950000	0.100888
2.951000	0.100888
2.952000	0.100888
2.953000	0.100888
2.954000	0.100887
2.955000	0.100887
2.956000	0.100887
2.957000	0.100887
2.958000	0.100887
2.959000	0.100887
2.960000	0.100887
2.961000	0.100886
2.962000	0.100886
2.963000	0.100886
2.964000	0.100886
2.965000	0.100886
2.966000	0.100886
2.967000	0.100886
2.968000	0.100886
2.969000	0.100886
2.970000	0.100885
2.971000	0.100885
2.972000	0.100885
2.973000	0.100885
2.974000	0.100885
2.975000	0.100885
2.976000	0.100885
2.977000	0.100885
2.978000	0.100885
2.979000	0.100885
2.980000	0.100885
2.981000	0.100885
2.982000	0.100885
2.983000	0.100885
2.984000	0.100885
2.985000	0.100885
2.986000	0.100885
2.987000	0.100885
2.988000	0.100885
2.989000	0.100885
2.990000	0.100885
2.991000	0.100884
2.992000	0.100884
2.993000	0.100884
2.994000	0.100884
2.995000	0.100884
2.996000	0.100884
2.997000	0.100884
2.998000	0.100884
2.999000	0.100884
3.000000	0.100884
3.001000	0.100884
3.002000	0.100884
3.003000	0.100884
3.004000	0.100884
3.005000	0.100884
3.006000	0.100884
3.007000	0.100884
3.008000	0.100884
3.009000	0.100884
3.010000	0.100884
3.011000	0.100884
3.012000	0.100884
3.013000	0.100884
3.014000	0.100884
3.015000	0.100884
3.016000	0.100884
3.017000	0.100884
3.018000	0.100884
3.019000	0.100884
3.020000	0.100884
3.021000	0.100884
3.022000	0.100884
3.023000	0.100884
3.024000	0.100884
3.025000	0.100884
3.026000	0.100884
3.027000	0.100884
3.028000	0.100884
3.029000	0.100884
3.030000	0.100884
3.031000	0.100884
3.032000	0.100884
3.033000	0.100884
3.034000	0.100884
3.035000	0.100884
3.036000	0.100884
3.037000	0.100884
3.038000	0.100884
3.039000	0.100884
3.040000	0.100884
3.041000	0.100884
3.042000	0.100884
3.043000	0.100884
3.044000	0.100884
3.045000	0.100884
3.046000	0.100884
3.047000	0.100884
3.048000	0.100884
3.049000	0.100884
3.050000	0.100883
3.051000	0.100883
3.052000	0.100883
3.053000	0.100883
3.054000	0.100883
3.055000	0.100883
3.056000	0.100883
3.057000	0.100883
3.058000	0.100883
3.059000	0.100883
3.060000	0.100883
3.061000	0.100882
3.062000	0.100882
3.063000	0.100882
3.064000	0.100882
3.065000	0.100882
3.066000	0.100882
3.067000	0.100882
3.068000	0.100882
3.069000	0.100881
3.070000	0.100881
3.071000	0.100881
3.072000	0.100881
3.073000	0.100881
3.074000	0.100880
3.075000	0.100880
3.076000	0.100880
3.077000	0.100880
3.078000	0.100880
3.079000	0.100879
3.080000	0.100879
3.081000	0.100879
3.082000	0.100879
3.083000	0.100879
3.084000	0.100878
3.085000	0.100878
3.086000	0.100878
3.087000	0.100878
3.088000	0.100877
3.089000	0.100877
3.090000	0.100877
3.091000	0.100876
3.092000	0.100876
3.093000	0.100876
3.094000	0.100876
3.095000	0.100875
3.096000	0.100875
3.097000	0.100875
3.098000	0.100874
3.099000	0.100874
3.100000	0.100874
3.101000	0.100873
3.102000	0.100873
3.103000	0.100872
3.104000	0.100872
3.105000	0.100872
3.106000	0.100871
3.107000	0.100871
3.108000	0.100870
3.109000	0.100870
3.110000	0.100869
3.111000	0.100869
3.112000	0.100869
3.113000	0.100868
3.114000	0.100868
3.115000	0.100867
3.116000	0.100867
3.117000	0.100866
3.118000	0.100866
3.119000	0.100865
3.120000	0.100865
3.121000	0.100864
3.122000	0.100864
3.123000	0.100863
3.124000	0.100862
3.125000	0.100862
3.126000	0.100861
3.127000	0.100861
3.128000	0.100860
3.129000	0.100859
3.130000	0.100859
3.131000	0.100858
3.132000	0.100858
3.133000	0.100857
3.134000	0.100856
3.135000	0.100856
3.136000	0.100855
3.137000	0.100854
3.138000	0.100853
3.139000	0.100853
3.140000	0.100852
3.141000	0.100851
3.142000	0.100851
3.143000	0.100850
3.144000	0.100849
3.145000	0.100848
3.146000	0.100847
3.147000	0.100847
3.148000	0.100846
3.149000	0.100845
3.150000	0.100844
3.151000	0.100843
3.152000	0.100843
3.153000	0.100842
3.154000	0.100841
3.155000	0.100840
3.156000	0.100839
3.157000	0.100838
3.158000	0.100837
3.159000	0.100836
3.160000	0.100835
3.161000	0.100834
3.162000	0.100833
3.163000	0.100832
3.164000	0.100831
3.165000	0.100831
3.166000	0.100829
3.167000	0.100828
3.168000	0.100827
3.169000	0.100826
3.170000	0.100825
3.171000	0.100824
3.172000	0.100823
3.173000	0.100822
3.174000	0.100821
3.175000	0.100820
3.176000	0.100819
3.177000	0.100818
3.178000	0.100817
3.179000	0.100815
3.180000	0.100814
3.181000	0.100813
3.182000	0.100812
3.183000	0.100811
3.184000	0.100809
3.185000	0.100808
3.186000	0.100807
3.187000	0.100806
3.188000	0.100804
3.189000	0.100803
3.190000	0.100802
3.191000	0.100801
3.192000	0.100799
3.193000	0.100798
3.194000	0.100797
3.195000	0.100795
3.196000	0.100794
3.197000	0.100793
3.198000	0.100791
3.199000	0.100790
3.200000	0.100788
3.201000	0.100787
3.202000	0.100786
3.203000	0.100784
3.204000	0.100783
3.205000	0.100781
3.206000	0.100780
3.207000	0.100778
3.208000	0.100777
3.209000	0.100775
3.210000	0.100774
3.211000	0.100772
3.212000	0.100771
3.213000	0.100769
3.214000	0.100767
3.215000	0.100766
3.216000	0.100764
3.217000	0.100763
3.218000	0.100761
3.219000	0.100759
3.220000	0.100758
3.221000	0.100756
3.222000	0.100754
3.223000	0.100753
3.224000	0.100751
3.225000	0.100749
3.226000	0.100748
3.227000	0.100746
3.228000	0.100744
3.229000	0.100742
3.230000	0.100741
3.231000	0.100739
3.232000	0.100737
3.233000	0.100735
3.234000	0.100734
3.235000	0.100732
3.236000	0.100730
3.237000	0.100728
3.238000	0.100726
3.239000	0.100724
3.240000	0.100722
3.241000	0.100721
3.242000	0.100719
3.243000	0.100717
3.244000	0.100715
3.245000	0.100713
3.246000	0.100711
3.247000	0.100709
3.248000	0.100707
3.249000	0.100705
3.250000	0.100703
3.251000	0.100701
3.252000	0.100699
3.253000	0.100697
3.254000	0.100695
3.255000	0.100693
3.256000	0.100691
3.257000	0.100689
3.258000	0.100687
3.259000	0.100685
3.260000	0.100683
3.261000	0.100680
3.262000	0.100678
3.263000	0.100676
3.264000	0.100674
3.265000	0.100672
3.266000	0.100670
3.267000	0.100668
3.268000	0.100665
3.269000	0.100663
3.270000	0.100661
3.271000	0.100659
3.272000	0.100657
3.273000	0.100654
3.274000	0.100652
3.275000	0.100650
3.276000	0.100648
3.277000	0.100645
3.278000	0.100643
3.279000	0.100641
3.280000	0.100638
3.281000	0.100636
3.282000	0.100634
3.283000	0.100632
3.284000	0.100629
3.285000	0.100627
3.286000	0.100624
3.287000	0.100622
3.288000	0.100620
3.289000	0.100617
3.290000	0.100615
3.291000	0.100613
3.292000	0.100610
3.293000	0.100608
3.294000	0.100605
3.295000	0.100603
3.296000	0.100600
3.297000	0.100598
3.298000	0.100596
3.299000	0.100593
3.300000	0.100591
3.301000	0.100588
3.302000	0.100586
3.303000	0.100583
3.304000	0.100581
3.305000	0.100578
3.306000	0.100576
3.307000	0.100573
3.308000	0.100571
3.309000	0.100568
3.310000	0.100565
3.311000	0.100563
3.312000	0.100560
3.313000	0.100558
3.314000	0.100555
3.315000	0.100553
3.316000	0.100550
3.317000	0.100547
3.318000	0.100545
3.319000	0.100542
3.320000	0.100540
3.321000	0.100537
3.322000	0.100534
3.323000	0.100532
3.324000	0.100529
3.325000	0.100526
3.326000	0.100524
3.327000	0.100521
3.328000	0.100518
3.329000	0.100516
3.330000	0.100513
3.331000	0.100510
3.332000	0.100508
3.333000	0.100505
3.334000	0.100502
3.335000	0.100500
3.336000	0.100497
3.337000	0.100494
3.338000	0.100491
3.339000	0.100489
3.340000	0.100486
3.341000	0.100483
3.342000	0.100481
3.343000	0.100478
3.344000	0.100475
3.345000	0.100472
3.346000	0.100470
3.347000	0.100467
3.348000	0.100464
3.349000	0.100461
3.350000	0.100459
3.351000	0.100456
3.352000	0.100453
3.353000	0.100450
3.354000	0.100447
3.355000	0.100445
3.356000	0.100442
3.357000	0.100439
3.358000	0.100436
3.359000	0.100433
3.360000	0.100431
3.361000	0.100428
3.362000	0.100425
3.363000	0.100422
3.364000	0.100419
3.365000	0.100417
3.366000	0.100414
3.367000	0.100411
3.368000	0.100408
3.369000	0.100405
3.370000	0.100403
3.371000	0.100400
3.372000	0.100397
3.373000	0.100394
3.374000	0.100391
3.375000	0.100389
3.376000	0.100386
3.377000	0.100383
3.378000	0.100380
3.379000	0.100377
3.380000	0.100374
3.381000	0.100372
3.382000	0.100369
3.383000	0.100366
3.384000	0.100363
3.385000	0.100360
3.386000	0.100358
3.387000	0.100355
3.388000	0.100352
3.389000	0.100349
3.390000	0.100346
3.391000	0.100344
3.392000	0.100341
3.393000	0.100338
3.394000	0.100335
3.395000	0.100332
3.396000	0.100329
3.397000	0.100327
3.398000	0.100324
3.399000	0.100321
3.400000	0.100318
3.401000	0.100316
3.402000	0.100313
3.403000	0.100310
3.404000	0.100307
3.405000	0.100304
3.406000	0.100302
3.407000	0.100299
3.408000	0.100296
3.409000	0.100293
3.410000	0.100291
3.411000	0.100288
3.412000	0.100285
3.413000	0.100282
3.414000	0.100279
3.415000	0.100277
3.416000	0.100274
3.417000	0.100271
3.418000	0.100269
3.419000	0.100266
3.420000	0.100263
3.421000	0.100260
3.422000	0.100258
3.423000	0.100255
3.424000	0.100252
3.425000	0.100250
3.426000	0.100247
3.427000	0.100244
3.428000	0.100241
3.429000	0.100239
3.430000	0.100236
3.431000	0.100233
3.432000	0.100231
3.433000	0.100228
3.434000	0.100225
3.435000	0.100223
3.436000	0.100220
3.437000	0.100218
3.438000	0.100215
3.439000	0.100212
3.440000	0.100210
3.441000	0.100207
3.442000	0.100205
3.443000	0.100202
3.444000	0.100199
3.445000	0.100197
3.446000	0.100194
3.447000	0.100192
3.448000	0.100189
3.449000	0.100187
3.450000	0.100184
3.451000	0.100181
3.452000	0.100179
3.453000	0.100176
3.454000	0.100174
3.455000	0.100171
3.456000	0.100169
3.457000	0.100166
3.458000	0.100164
3.459000	0.100161
3.460000	0.100159
3.461000	0.100157
3.462000	0.100154
3.463000	0.100152
3.464000	0.100149
3.465000	0.100147
3.466000	0.100144
3.467000	0.100142
3.468000	0.100140
3.469000	0.100137
3.470000	0.100135
3.471000	0.100133
3.472000	0.100130
3.473000	0.100128
3.474000	0.100126
3.475000	0.100123
3.476000	0.100121
3.477000	0.100119
3.478000	0.100116
3.479000	0.100114
3.480000	0.100112
3.481000	0.100110
3.482000	0.100107
3.483000	0.100105
3.484000	0.100103
3.485000	0.100101
3.486000	0.100099
3.487000	0.100096
3.488000	0.100094
3.489000	0.100092
3.490000	0.100090
3.491000	0.100088
3.492000	0.100086
3.493000	0.100083
3.494000	0.100081
3.495000	0.100079
3.496000	0.100077
3.497000	0.100075
3.498000	0.100073
3.499000	0.100071
3.500000	0.100069
3.501000	0.100067
3.502000	0.100065
3.503000	0.100063
3.504000	0.100061
3.505000	0.100059
3.506000	0.100057
3.507000	0.100055
3.508000	0.100053
3.509000	0.100051
3.510000	0.100049
3.511000	0.100047
3.512000	0.100045
3.513000	0.100043
3.514000	0.100042
3.515000	0.100040
3.516000	0.100038
3.517000	0.100036
3.518000	0.100034
3.519000	0.100032
3.520000	0.100031
3.521000	0.100029
3.522000	0.100027
3.523000	0.100025
3.524000	0.100024
3.525000	0.100022
3.526000	0.100020
3.527000	0.100018
3.528000	0.100017
3.529000	0.100015
3.530000	0.100013
3.531000	0.100012
3.532000	0.100010
3.533000	0.100008
3.534000	0.100007
3.535000	0.100005
3.536000	0.100004
3.537000	0.100002
3.538000	0.100001
3.539000	0.099999
3.540000	0.099997
3.541000	0.099996
3.542000	0.099994
3.543000	0.099993
3.544000	0.099991
3.545000	0.099990
3.546000	0.099989
3.547000	0.099987
3.548000	0.099986
3.549000	0.099984
3.550000	0.099983
3.551000	0.099981
3.552000	0.099980
3.553000	0.099979
3.554000	0.099977
3.555000	0.099976
3.556000	0.099975
3.557000	0.099973
3.558000	0.099972
3.559000	0.099971
3.560000	0.099970
3.561000	0.099968
3.562000	0.099967
3.563000	0.099966
3.564000	0.099965
3.565000	0.099963
3.566000	0.099962
3.567000	0.099961
3.568000	0.099960
3.569000	0.099959
3.570000	0.099958
3.571000	0.099956
3.572000	0.099955
3.573000	0.099954
3.574000	0.099953
3.575000	0.099952
3.576000	0.099951
3.577000	0.099950
3.578000	0.099949
3.579000	0.099948
3.580000	0.099947
3.581000	0.099946
3.582000	0.099945
3.583000	0.099944
3.584000	0.099943
3.585000	0.099942
3.586000	0.099941
3.587000	0.099940
3.588000	0.099939
3.589000	0.099938
3.590000	0.099937
3.591000	0.099936
3.592000	0.099936
3.593000	0.099935
3.594000	0.099934
3.595000	0.099933
3.596000	0.099932
3.597000	0.099931
3.598000	0.099931
3.599000	0.099930
3.600000	0.099929
3.601000	0.099928
3.602000	0.099928
3.603000	0.099927
3.604000	0.099926
3.605000	0.099925
3.606000	0.099925
3.607000	0.099924
3.608000	0.099923
3.609000	0.099923
3.610000	0.099922
3.611000	0.099921
3.612000	0.099921
3.613000	0.099920
3.614000	0.099919
3.615000	0.099919
3.616000	0.099918
3.617000	0.099918
3.618000	0.099917
3.619000	0.099917
3.620000	0.099916
3.621000	0.099915
3.622000	0.099915
3.623000	0.099914
3.624000	0.099914
3.625000	0.099913
3.626000	0.099913
3.627000	0.099912
3.628000	0.099912
3.629000	0.099911
3.630000	0.099911
3.631000	0.099911
3.632000	0.099910
3.633000	0.099910
3.634000	0.099909
3.635000	0.099909
3.636000	0.099908
3.637000	0.099908
3.638000	0.099908
3.639000	0.099907
3.640000	0.099907
3.641000	0.099907
3.642000	0.099906
3.643000	0.099906
3.644000	0.099906
3.645000	0.099905
3.646000	0.099905
3.647000	0.099905
3.648000	0.099904
3.649000	0.099904
3.650000	0.099904
3.651000	0.099903
3.652000	0.099903
3.653000	0.099903
3.654000	0.099903
3.655000	0.099902
3.656000	0.099902
3.657000	0.099902
3.658000	0.099902
3.659000	0.099902
3.660000	0.099901
3.661000	0.099901
3.662000	0.099901
3.663000	0.099901
3.664000	0.099901
3.665000	0.099900
3.666000	0.099900
3.667000	0.099900
3.668000	0.099900
3.669000	0.099900
3.670000	0.099900
3.671000	0.099899
3.672000	0.099899
3.673000	0.099899
3.674000	0.099899
3.675000	0.099899
3.676000	0.099899
3.677000	0.099899
3.678000	0.099898
3.679000	0.099898
3.680000	0.099898
3.681000	0.099898
3.682000	0.099898
3.683000	0.099898
3.684000	0.099898
3.685000	0.099898
3.686000	0.099898
3.687000	0.099898
3.688000	0.099898
3.689000	0.099898
3.690000	0.099898
3.691000	0.099897
3.692000	0.099897
3.693000	0.099897
3.694000	0.099897
3.695000	0.099897
3.696000	0.099897
3.697000	0.099897
3.698000	0.099897
3.699000	0.099897
3.700000	0.099897
3.701000	0.099897
3.702000	0.099897
3.703000	0.099897
3.704000	0.099897
3.705000	0.099897
3.706000	0.099897
3.707000	0.099897
3.708000	0.099897
3.709000	0.099897
3.710000	0.099897
3.711000	0.099897
3.712000	0.099897
3.713000	0.099897
3.714000	0.099897
3.715000	0.099897
3.716000	0.099897
3.717000	0.099897
3.718000	0.099897
3.719000	0.099897
3.720000	0.099897
3.721000	0.099897
3.722000	0.099897
3.723000	0.099897
3.724000	0.099897
3.725000	0.099897
3.726000	0.099897
3.727000	0.099897
3.728000	0.099897
3.729000	0.099897
3.730000	0.099898
3.731000	0.099898
3.732000	0.099898
3.733000	0.099898
3.734000	0.099898
3.735000	0.099898
3.736000	0.099898
3.737000	0.099898
3.738000	0.099898
3.739000	0.099898
3.740000	0.099898
3.741000	0.099898
3.742000	0.099898
3.743000	0.099898
3.744000	0.099898
3.745000	0.099898
3.746000	0.099898
3.747000	0.099898
3.748000	0.099898
3.749000	0.099898
3.750000	0.099898
3.751000	0.099898
3.752000	0.099898
3.753000	0.099898
3.754000	0.099899
3.755000	0.099899
3.756000	0.099899
3.757000	0.099899
3.758000	0.099899
3.759000	0.099899
3.760000	0.099899
3.761000	0.099899
3.762000	0.099899
3.763000	0.099899
3.764000	0.099899
3.765000	0.099899
3.766000	0.099899
3.767000	0.099899
3.768000	0.099899
3.769000	0.099899
3.770000	0.099899
3.771000	0.099899
3.772000	0.099899
3.773000	0.099899
3.774000	0.099899
3.775000	0.099899
3.776000	0.099899
3.777000	0.099899
3.778000	0.099899
3.779000	0.099899
3.780000	0.099900
3.781000	0.099900
3.782000	0.099900
3.783000	0.099900
3.784000	0.099900
3.785000	0.099900
3.786000	0.099900
3.787000	0.099900
3.788000	0.099900
3.789000	0.099900
3.790000	0.099900
3.791000	0.099900
3.792000	0.099900
3.793000	0.099900
3.794000	0.099900
3.795000	0.099900
3.796000	0.099900
3.797000	0.099900
3.798000	0.099900
3.799000	0.099900
3.800000	0.099900
3.801000	0.099900
3.802000	0.099900
3.803000	0.099900
3.804000	0.099900
3.805000	0.099900
3.806000	0.099900
3.807000	0.099900
3.808000	0.099900
3.809000	0.099900
3.810000	0.099900
3.811000	0.099900
3.812000	0.099900
3.813000	0.099900
3.814000	0.099900
3.815000	0.099900
3.816000	0.099900
3.817000	0.099900
3.818000	0.099900
3.819000	0.099900
3.820000	0.099900
3.821000	0.099900
3.822000	0.099900
3.823000	0.099900
3.824000	0.099900
3.825000	0.099900
3.826000	0.099900
3.827000	0.099900
3.828000	0.099900
3.829000	0.099900
3.830000	0.099900
3.831000	0.099900
3.832000	0.099900
3.833000	0.099900
3.834000	0.099900
3.835000	0.099900
3.836000	0.099900
3.837000	0.099900
3.838000	0.099900
3.839000	0.099900
3.840000	0.099900
3.841000	0.099900
3.842000	0.099900
3.843000	0.099900
3.844000	0.099900
3.845000	0.099900
3.846000	0.099900
3.847000	0.099900
3.848000	0.099900
3.849000	0.099900
3.850000	0.099900
3.851000	0.099900
3.852000	0.099900
3.853000	0.099900
3.854000	0.099900
3.855000	0.099900
3.856000	0.099900
3.857000	0.099900
3.858000	0.099900
3.859000	0.099900
3.860000	0.099900
3.861000	0.099900
3.862000	0.099900
3.863000	0.099900
3.864000	0.099900
3.865000	0.099900
3.866000	0.099900
3.867000	0.099900
3.868000	0.099900
3.869000	0.099900
3.870000	0.099900
3.871000	0.099900
3.872000	0.099900
3.873000	0.099900
3.874000	0.099900
3.875000	0.099900
3.876000	0.099900
3.877000	0.099900
3.878000	0.099900
3.879000	0.099900
3.880000	0.099900
3.881000	0.099900
3.882000	0.099900
3.883000	0.099900
3.884000	0.099900
3.885000	0.099900
3.886000	0.099900
3.887000	0.099900
3.888000	0.099900
3.889000	0.099900
3.890000	0.099900
3.891000	0.099900
3.892000	0.099900
3.893000	0.099900
3.894000	0.099900
3.895000	0.099900
3.896000	0.099901
3.897000	0.099901
3.898000	0.099901
3.899000	0.099901
3.900000	0.099901
3.901000	0.099901
3.902000	0.099901
3.903000	0.099901
3.904000	0.099901
3.905000	0.099901
3.906000	0.099901
3.907000	0.099901
3.908000	0.099901
3.909000	0.099901
3.910000	0.099901
3.911000	0.099901
3.912000	0.099901
3.913000	0.099901
3.914000	0.099901
3.915000	0.099901
3.916000	0.099901
3.917000	0.099901
3.918000	0.099901
3.919000	0.099901
3.920000	0.099901
3.921000	0.099901
3.922000	0.099901
3.923000	0.099901
3.924000	0.099901
3.925000	0.099901
3.926000	0.099901
3.927000	0.099901
3.928000	0.099901
3.929000	0.099901
3.930000	0.099901
3.931000	0.099901
3.932000	0.099901
3.933000	0.099901
3.934000	0.099901
3.935000	0.099901
3.936000	0.099901
3.937000	0.099901
3.938000	0.099902
3.939000	0.099902
3.940000	0.099902
3.941000	0.099902
3.942000	0.099902
3.943000	0.099902
3.944000	0.099902
3.945000	0.099902
3.946000	0.099902
3.947000	0.099902
3.948000	0.099902
3.949000	0.099902
3.950000	0.099902
3.951000	0.099902
3.952000	0.099902
3.953000	0.099902
3.954000	0.099902
3.955000	0.099902
3.956000	0.099902
3.957000	0.099902
3.958000	0.099902
3.959000	0.099902
3.960000	0.099902
3.961000	0.099902
3.962000	0.099902
3.963000	0.099902
3.964000	0.099902
3.965000	0.099902
3.966000	0.099902
3.967000	0.099902
3.968000	0.099902
3.969000	0.099902
3.970000	0.099902
3.971000	0.099902
3.972000	0.099902
3.973000	0.099902
3.974000	0.099902
3.975000	0.099902
3.976000	0.099902
3.977000	0.099902
3.978000	0.099902
3.979000	0.099902
3.980000	0.099902
3.981000	0.099903
3.982000	0.099903
3.983000	0.099903
3.984000	0.099903
3.985000	0.099903
3.986000	0.099903
3.987000	0.099903
3.988000	0.099903
3.989000	0.099903
3.990000	0.099903
3.991000	0.099903
3.992000	0.099903
3.993000	0.099903
3.994000	0.099903
3.995000	0.099903
3.996000	0.099903
3.997000	0.099903
3.998000	0.099903
3.999000	0.099903
4.000000	0.099903
4.001000	0.099903
4.002000	0.099903
4.003000	0.099903
4.004000	0.099903
4.005000	0.099903
4.006000	0.099903
4.007000	0.099903
4.008000	0.099903
4.009000	0.099903
4.010000	0.099903
4.011000	0.099903
4.012000	0.099903
4.013000	0.099903
4.014000	0.099903
4.015000	0.099903
4.016000	0.099903
4.017000	0.099903
4.018000	0.099903
4.019000	0.099903
4.020000	0.099903
4.021000	0.099903
4.022000	0.099903
4.023000	0.099903
4.024000	0.099903
4.025000	0.099903
4.026000	0.099903
4.027000	0.099903
4.028000	0.099903
4.029000	0.099903
4.030000	0.099903
4.031000	0.099903
4.032000	0.099902
4.033000	0.099902
4.034000	0.099902
4.035000	0.099902
4.036000	0.099902
4.037000	0.099902
4.038000	0.099902
4.039000	0.099902
4.040000	0.099902
4.041000	0.099902
4.042000	0.099902
4.043000	0.099902
4.044000	0.099902
4.045000	0.099902
4.046000	0.099902
4.047000	0.099902
4.048000	0.099902
4.049000	0.099902
4.050000	0.099902
4.051000	0.099902
4.052000	0.099902
4.053000	0.099902
4.054000	0.099902
4.055000	0.099902
4.056000	0.099902
4.057000	0.099902
4.058000	0.099902
4.059000	0.099902
4.060000	0.099902
4.061000	0.099902
4.062000	0.099902
4.063000	0.099902
4.064000	0.099902
4.065000	0.099902
4.066000	0.099902
4.067000	0.099902
4.068000	0.099902
4.069000	0.099902
4.070000	0.099902
4.071000	0.099902
4.072000	0.099902
4.073000	0.099902
4.074000	0.099902
4.075000	0.099902
4.076000	0.099902
4.077000	0.099902
4.078000	0.099902
4.079000	0.099902
4.080000	0.099901
4.081000	0.099901
4.082000	0.099901
4.083000	0.099901
4.084000	0.099901
4.085000	0.099901
4.086000	0.099901
4.087000	0.099901
4.088000	0.099901
4.089000	0.099901
4.090000	0.099901
4.091000	0.099901
4.092000	0.099901
4.093000	0.099901
4.094000	0.099901
4.095000	0.099901
4.096000	0.099901
4.097000	0.099901
4.098000	0.099901
4.099000	0.099901
4.100000	0.099901
4.101000	0.099901
4.102000	0.099901
4.103000	0.099901
4.104000	0.099901
4.105000	0.099901
4.106000	0.099901
4.107000	0.099901
4.108000	0.099901
4.109000	0.099901
4.110000	0.099901
4.111000	0.099901
4.112000	0.099901
4.113000	0.099901
4.114000	0.099901
4.115000	0.099901
4.116000	0.099901
4.117000	0.099901
4.118000	0.099901
4.119000	0.099901
4.120000	0.099901
4.121000	0.099901
4.122000	0.099901
4.123000	0.099901
4.124000	0.099901
4.125000	0.099901
4.126000	0.099901
4.127000	0.099901
4.128000	0.099901
4.129000	0.099901
4.130000	0.099901
4.131000	0.099901
4.132000	0.099901
4.133000	0.099901
4.134000	0.099901
4.135000	0.099901
4.136000	0.099901
4.137000	0.099901
4.138000	0.099901
4.139000	0.099901
4.140000	0.099901
4.141000	0.099901
4.142000	0.099901
4.143000	0.099901
4.144000	0.099901
4.145000	0.099901
4.146000	0.099901
4.147000	0.099901
4.148000	0.099901
4.149000	0.099901
4.150000	0.099901
4.151000	0.099901
4.152000	0.099901
4.153000	0.099901
4.154000	0.099901
4.155000	0.099901
4.156000	0.099901
4.157000	0.099901
4.158000	0.099901
4.159000	0.099901
4.160000	0.099901
4.161000	0.099901
4.162000	0.099901
4.163000	0.099901
4.164000	0.099901
4.165000	0.099901
4.166000	0.099901
4.167000	0.099901
4.168000	0.099901
4.169000	0.099901
4.170000	0.099901
4.171000	0.099901
4.172000	0.099901
4.173000	0.099901
4.174000	0.099901
4.175000	0.099901
4.176000	0.099901
4.177000	0.099901
4.178000	0.099901
4.179000	0.099901
4.180000	0.099901
4.181000	0.099901
4.182000	0.099901
4.183000	0.099901
4.184000	0.099901
4.185000	0.099901
4.186000	0.099901
4.187000	0.099901
4.188000	0.099901
4.189000	0.099901
4.190000	0.099901
4.191000	0.099901
4.192000	0.099901
4.193000	0.099901
4.194000	0.099901
4.195000	0.099901
4.196000	0.099901
4.197000	0.099901
4.198000	0.099901
4.199000	0.099901
4.200000	0.099901
4.201000	0.099901
4.202000	0.099901
4.203000	0.099901
4.204000	0.099901
4.205000	0.099901
4.206000	0.099901
4.207000	0.099901
4.208000	0.099901
4.209000	0.099901
4.210000	0.099900
4.211000	0.099900
4.212000	0.099900
4.213000	0.099900
4.214000	0.099900
4.215000	0.099900
4.216000	0.099900
4.217000	0.099900
4.218000	0.099900
4.219000	0.099900
4.220000	0.099900
4.221000	0.099900
4.222000	0.099900
4.223000	0.099900
4.224000	0.099900
4.225000	0.099900
4.226000	0.099900
4.227000	0.099900
4.228000	0.099900
4.229000	0.099900
4.230000	0.099900
4.231000	0.099900
4.232000	0.099900
4.233000	0.099900
4.234000	0.099900
4.235000	0.099900
4.236000	0.099900
4.237000	0.099900
4.238000	0.099900
4.239000	0.099900
4.240000	0.099900
4.241000	0.099900
4.242000	0.099900
4.243000	0.099900
4.244000	0.099900
4.245000	0.099900
4.246000	0.099900
4.247000	0.099900
4.248000	0.099900
4.249000	0.099900
4.250000	0.099900
4.251000	0.099900
4.252000	0.099900
4.253000	0.099899
4.254000	0.099899
4.255000	0.099899
4.256000	0.099899
4.257000	0.099899
4.258000	0.099899
4.259000	0.099899
4.260000	0.099899
4.261000	0.099899
4.262000	0.099899
4.263000	0.099899
4.264000	0.099899
4.265000	0.099899
4.266000	0.099899
4.267000	0.099899
4.268000	0.099899
4.269000	0.099899
4.270000	0.099899
4.271000	0.099899
4.272000	0.099899
4.273000	0.099899
4.274000	0.099899
4.275000	0.099899
4.276000	0.099899
4.277000	0.099899
4.278000	0.099899
4.279000	0.099899
4.280000	0.099899
4.281000	0.099899
4.282000	0.099899
4.283000	0.099899
4.284000	0.099899
4.285000	0.099899
4.286000	0.099899
4.287000	0.099899
4.288000	0.099899
4.289000	0.099899
4.290000	0.099899
4.291000	0.099899
4.292000	0.099898
4.293000	0.099898
4.294000	0.099898
4.295000	0.099898
4.296000	0.099898
4.297000	0.099898
4.298000	0.099898
4.299000	0.099898
4.300000	0.099898
4.301000	0.099898
4.302000	0.099898
4.303000	0.099898
4.304000	0.099898
4.305000	0.099899
4.306000	0.099899
4.307000	0.099899
4.308000	0.099899
4.309000	0.099899
4.310000	0.099899
4.311000	0.099899
4.312000	0.099899
4.313000	0.099899
4.314000	0.099899
4.315000	0.099899
4.316000	0.099899
4.317000	0.099899
4.318000	0.099899
4.319000	0.099899
4.320000	0.099899
4.321000	0.099899
4.322000	0.099899
4.323000	0.099899
4.324000	0.099899
4.325000	0.099899
4.326000	0.099899
4.327000	0.099899
4.328000	0.099900
4.329000	0.099900
4.330000	0.099900
4.331000	0.099900
4.332000	0.099900
4.333000	0.099900
4.334000	0.099900
4.335000	0.099900
4.336000	0.099900
4.337000	0.099900
4.338000	0.099901
4.339000	0.099901
4.340000	0.099901
4.341000	0.099901
4.342000	0.099901
4.343000	0.099901
4.344000	0.099901
4.345000	0.099902
4.346000	0.099902
4.347000	0.099902
4.348000	0.099902
4.349000	0.099902
4.350000	0.099902
4.351000	0.099903
4.352000	0.099903
4.353000	0.099903
4.354000	0.099903
4.355000	0.099903
4.356000	0.099904
4.357000	0.099904
4.358000	0.099904
4.359000	0.099904
4.360000	0.099905
4.361000	0.099905
4.362000	0.099905
4.363000	0.099905
4.364000	0.099906
4.365000	0.099906
4.366000	0.099906
4.367000	0.099906
4.368000	0.099907
4.369000	0.099907
4.370000	0.099907
4.371000	0.099908
4.372000	0.099908
4.373000	0.099908
4.374000	0.099909
4.375000	0.099909
4.376000	0.099909
4.377000	0.099910
4.378000	0.099910
4.379000	0.099910
4.380000	0.099911
4.381000	0.099911
4.382000	0.099912
4.383000	0.099912
4.384000	0.099912
4.385000	0.099913
4.386000	0.099913
4.387000	0.099914
4.388000	0.099914
4.389000	0.099915
4.390000	0.099915
4.391000	0.099916
4.392000	0.099916
4.393000	0.099917
4.394000	0.099917
4.395000	0.099918
4.396000	0.099918
4.397000	0.099919
4.398000	0.099919
4.399000	0.099920
4.400000	0.099920
4.401000	0.099921
4.402000	0.099921
4.403000	0.099922
4.404000	0.099923
4.405000	0.099923
4.406000	0.099924
4.407000	0.099924
4.408000	0.099925
4.409000	0.099926
4.410000	0.099926
4.411000	0.099927
4.412000	0.099928
4.413000	0.099928
4.414000	0.099929
4.415000	0.099930
4.416000	0.099930
4.417000	0.099931
4.418000	0.099932
4.419000	0.099933
4.420000	0.099933
4.421000	0.099934
4.422000	0.099935
4.423000	0.099936
4.424000	0.099937
4.425000	0.099937
4.426000	0.099938
4.427000	0.099939
4.428000	0.099940
4.429000	0.099941
4.430000	0.099942
4.431000	0.099942
4.432000	0.099943
4.433000	0.099944
4.434000	0.099945
4.435000	0.099946
4.436000	0.099947
4.437000	0.099948
4.438000	0.099949
4.439000	0.099950
4.440000	0.099951
4.441000	0.099952
4.442000	0.099953
4.443000	0.099954
4.444000	0.099955
4.445000	0.099956
4.446000	0.099957
4.447000	0.099958
4.448000	0.099959
4.449000	0.099960
4.450000	0.099961
4.451000	0.099962
4.452000	0.099964
4.453000	0.099965
4.454000	0.099966
4.455000	0.099967
4.456000	0.099968
4.457000	0.099969
4.458000	0.099971
4.459000	0.099972
4.460000	0.099973
4.461000	0.099974
4.462000	0.099975
4.463000	0.099977
4.464000	0.099978
4.465000	0.099979
4.466000	0.099980
4.467000	0.099982
4.468000	0.099983
4.469000	0.099984
4.470000	0.099986
4.471000	0.099987
4.472000	0.099988
4.473000	0.099990
4.474000	0.099991
4.475000	0.099993
4.476000	0.099994
4.477000	0.099995
4.478000	0.099997
4.479000	0.099998
4.480000	0.100000
4.481000	0.100001
4.482000	0.100003
4.483000	0.100004
4.484000	0.100006
4.485000	0.100007
4.486000	0.100009
4.487000	0.100010
4.488000	0.100012
4.489000	0.100013
4.490000	0.100015
4.491000	0.100017
4.492000	0.100018
4.493000	0.100020
4.494000	0.100022
4.495000	0.100023
4.496000	0.100025
4.497000	0.100026
4.498000	0.100028
4.499000	0.100030
4.500000	0.100032
4.501000	0.100033
4.502000	0.100035
4.503000	0.100037
4.504000	0.100038
4.505000	0.100040
4.506000	0.100042
4.507000	0.100044
4.508000	0.100046
4.509000	0.100047
4.510000	0.100049
4.511000	0.100051
4.512000	0.100053
4.513000	0.100055
4.514000	0.100057
4.515000	0.100059
4.516000	0.100060
4.517000	0.100062
4.518000	0.100064
4.519000	0.100066
4.520000	0.100068
4.521000	0.100070
4.522000	0.100072
4.523000	0.100074
4.524000	0.100076
4.525000	0.100078
4.526000	0.100080
4.527000	0.100082
4.528000	0.100084
4.529000	0.100086
4.530000	0.100088
4.531000	0.100090
4.532000	0.100092
4.533000	0.100094
4.534000	0.100096
4.535000	0.100098
4.536000	0.100101
4.537000	0.100103
4.538000	0.100105
4.539000	0.100107
4.540000	0.100109
4.541000	0.100111
4.542000	0.100113
4.543000	0.100116
4.544000	0.100118
4.545000	0.100120
4.546000	0.100122
4.547000	0.100124
4.548000	0.100127
4.549000	0.100129
4.550000	0.100131
4.551000	0.100133
4.552000	0.100136
4.553000	0.100138
4.554000	0.100140
4.555000	0.100142
4.556000	0.100145
4.557000	0.100147
4.558000	0.100149
4.559000	0.100152
4.560000	0.100154
4.561000	0.100156
4.562000	0.100159
4.563000	0.100161
4.564000	0.100163
4.565000	0.100166
4.566000	0.100168
4.567000	0.100171
4.568000	0.100173
4.569000	0.100175
4.570000	0.100178
4.571000	0.100180
4.572000	0.100183
4.573000	0.100185
4.574000	0.100188
4.575000	0.100190
4.576000	0.100193
4.577000	0.100195
4.578000	0.100198
4.579000	0.100200
4.580000	0.100203
4.581000	0.100205
4.582000	0.100208
4.583000	0.100210
4.584000	0.100213
4.585000	0.100215
4.586000	0.100218
4.587000	0.100220
4.588000	0.100223
4.589000	0.100225
4.590000	0.100228
4.591000	0.100230
4.592000	0.100233
4.593000	0.100236
4.594000	0.100238
4.595000	0.100241
4.596000	0.100243
4.597000	0.100246
4.598000	0.100248
4.599000	0.100251
4.600000	0.100254
4.601000	0.100256
4.602000	0.100259
4.603000	0.100262
4.604000	0.100264
4.605000	0.100267
4.606000	0.100269
4.607000	0.100272
4.608000	0.100275
4.609000	0.100277
4.610000	0.100280
4.611000	0.100283
4.612000	0.100285
4.613000	0.100288
4.614000	0.100291
4.615000	0.100293
4.616000	0.100296
4.617000	0.100299
4.618000	0.100301
4.619000	0.100304
4.620000	0.100307
4.621000	0.100310
4.622000	0.100312
4.623000	0.100315
4.624000	0.100318
4.625000	0.100320
4.626000	0.100323
4.627000	0.100326
4.628000	0.100328
4.629000	0.100331
4.630000	0.100334
4.631000	0.100337
4.632000	0.100339
4.633000	0.100342
4.634000	0.100345
4.635000	0.100347
4.636000	0.100350
4.637000	0.100353
4.638000	0.100356
4.639000	0.100358
4.640000	0.100361
4.641000	0.100364
4.642000	0.100367
4.643000	0.100369
4.644000	0.100372
4.645000	0.100375
4.646000	0.100377
4.647000	0.100380
4.648000	0.100383
4.649000	0.100386
4.650000	0.100388
4.651000	0.100391
4.652000	0.100394
4.653000	0.100397
4.654000	0.100399
4.655000	0.100402
4.656000	0.100405
4.657000	0.100407
4.658000	0.100410
4.659000	0.100413
4.660000	0.100416
4.661000	0.100418
4.662000	0.100421
4.663000	0.100424
4.664000	0.100426
4.665000	0.100429
4.666000	0.100432
4.667000	0.100435
4.668000	0.100437
4.669000	0.100440
4.670000	0.100443
4.671000	0.100445
4.672000	0.100448
4.673000	0.100451
4.674000	0.100453
4.675000	0.100456
4.676000	0.100459
4.677000	0.100461
4.678000	0.100464
4.679000	0.100467
4.680000	0.100469
4.681000	0.100472
4.682000	0.100475
4.683000	0.100477
4.684000	0.100480
4.685000	0.100483
4.686000	0.100485
4.687000	0.100488
4.688000	0.100491
4.689000	0.100493
4.690000	0.100496
4.691000	0.100498
4.692000	0.100501
4.693000	0.100504
4.694000	0.100506
4.695000	0.100509
4.696000	0.100512
4.697000	0.100514
4.698000	0.100517
4.699000	0.100519
4.700000	0.100522
4.701000	0.100524
4.702000	0.100527
4.703000	0.100530
4.704000	0.100532
4.705000	0.100535
4.706000	0.100537
4.707000	0.100540
4.708000	0.100542
4.709000	0.100545
4.710000	0.100547
4.711000	0.100550
4.712000	0.100552
4.713000	0.100555
4.714000	0.100557
4.715000	0.100560
4.716000	0.100562
4.717000	0.100565
4.718000	0.100567
4.719000	0.100570
4.720000	0.100572
4.721000	0.100574
4.722000	0.100577
4.723000	0.100579
4.724000	0.100582
4.725000	0.100584
4.726000	0.100587
4.727000	0.100589
4.728000	0.100591
4.729000	0.100594
4.730000	0.100596
4.731000	0.100598
4.732000	0.100601
4.733000	0.100603
4.734000	0.100605
4.735000	0.100608
4.736000	0.100610
4.737000	0.100612
4.738000	0.100615
4.739000	0.100617
4.740000	0.100619
4.741000	0.100622
4.742000	0.100624
4.743000	0.100626
4.744000	0.100628
4.745000	0.100631
4.746000	0.100633
4.747000	0.100635
4.748000	0.100637
4.749000	0.100639
4.750000	0.100642
4.751000	0.100644
4.752000	0.100646
4.753000	0.100648
4.754000	0.100650
4.755000	0.100653
4.756000	0.100655
4.757000	0.100657
4.758000	0.100659
4.759000	0.100661
4.760000	0.100663
4.761000	0.100665
4.762000	0.100667
4.763000	0.100669
4.764000	0.100671
4.765000	0.100673
4.766000	0.100676
4.767000	0.100678
4.768000	0.100680
4.769000	0.100682
4.770000	0.100684
4.771000	0.100686
4.772000	0.100688
4.773000	0.100690
4.774000	0.100691
4.775000	0.100693
4.776000	0.100695
4.777000	0.100697
4.778000	0.100699
4.779000	0.100701
4.780000	0.100703
4.781000	0.100705
4.782000	0.100707
4.783000	0.100709
4.784000	0.100710
4.785000	0.100712
4.786000	0.100714
4.787000	0.100716
4.788000	0.100718
4.789000	0.100719
4.790000	0.100721
4.791000	0.100723
4.792000	0.100725
4.793000	0.100727
4.794000	0.100728
4.795000	0.100730
4.796000	0.100732
4.797000	0.100733
4.798000	0.100735
4.799000	0.100737
4.800000	0.100738
4.801000	0.100740
4.802000	0.100742
4.803000	0.100743
4.804000	0.100745
4.805000	0.100747
4.806000	0.100748
4.807000	0.100750
4.808000	0.100751
4.809000	0.100753
4.810000	0.100755
4.811000	0.100756
4.812000	0.100758
4.813000	0.100759
4.814000	0.100761
4.815000	0.100762
4.816000	0.100764
4.817000	0.100765
4.818000	0.100767
4.819000	0.100768
4.820000	0.100769
4.821000	0.100771
4.822000	0.100772
4.823000	0.100774
4.824000	0.100775
4.825000	0.100776
4.826000	0.100778
4.827000	0.100779
4.828000	0.100781
4.829000	0.100782
4.830000	0.100783
4.831000	0.100784
4.832000	0.100786
4.833000	0.100787
4.834000	0.100788
4.835000	0.100790
4.836000	0.100791
4.837000	0.100792
4.838000	0.100793
4.839000	0.100795
4.840000	0.100796
4.841000	0.100797
4.842000	0.100798
4.843000	0.100799
4.844000	0.100800
4.845000	0.100802
4.846000	0.100803
4.847000	0.100804
4.848000	0.100805
4.849000	0.100806
4.850000	0.100807
4.851000	0.100808
4.852000	0.100809
4.853000	0.100810
4.854000	0.100811
4.855000	0.100813
4.856000	0.100814
4.857000	0.100815
4.858000	0.100816
4.859000	0.100817
4.860000	0.100818
4.861000	0.100818
4.862000	0.100819
4.863000	0.100820
4.864000	0.100821
4.865000	0.100822
4.866000	0.100823
4.867000	0.100824
4.868000	0.100825
4.869000	0.100826
4.870000	0.100827
4.871000	0.100828
4.872000	0.100828
4.873000	0.100829
4.874000	0.100830
4.875000	0.100831
4.876000	0.100832
4.877000	0.100833
4.878000	0.100833
4.879000	0.100834
4.880000	0.100835
4.881000	0.100836
4.882000	0.100836
4.883000	0.100837
4.884000	0.100838
4.885000	0.100839
4.886000	0.100839
4.887000	0.100840
4.888000	0.100841
4.889000	0.100841
4.890000	0.100842
4.891000	0.100843
4.892000	0.100843
4.893000	0.100844
4.894000	0.100845
4.895000	0.100845
4.896000	0.100846
4.897000	0.100846
4.898000	0.100847
4.899000	0.100847
4.900000	0.100848
4.901000	0.100849
4.902000	0.100849
4.903000	0.100850
4.904000	0.100850
4.905000	0.100851
4.906000	0.100851
4.907000	0.100852
4.908000	0.100852
4.909000	0.100853
4.910000	0.100853
4.911000	0.100854
4.912000	0.100854
4.913000	0.100855
4.914000	0.100855
4.915000	0.100856
4.916000	0.100856
4.917000	0.100856
4.918000	0.100857
4.919000	0.100857
4.920000	0.100858
4.921000	0.100858
4.922000	0.100858
4.923000	0.100859
4.924000	0.100859
4.925000	0.100859
4.926000	0.100860
4.927000	0.100860
4.928000	0.100860
4.929000	0.100861
4.930000	0.100861
4.931000	0.100861
4.932000	0.100862
4.933000	0.100862
4.934000	0.100862
4.935000	0.100863
4.936000	0.100863
4.937000	0.100863
4.938000	0.100863
4.939000	0.100864
4.940000	0.100864
4.941000	0.100864
4.942000	0.100864
4.943000	0.100865
4.944000	0.100865
4.945000	0.100865
4.946000	0.100865
4.947000	0.100865
4.948000	0.100866
4.949000	0.100866
4.950000	0.100866
4.951000	0.100866
4.952000	0.100866
4.953000	0.100867
4.954000	0.100867
4.955000	0.100867
4.956000	0.100867
4.957000	0.100867
4.958000	0.100867
4.959000	0.100867
4.960000	0.100868
4.961000	0.100868
4.962000	0.100868
4.963000	0.100868
4.964000	0.100868
4.965000	0.100868
4.966000	0.100868
4.967000	0.100868
4.968000	0.100868
4.969000	0.100869
4.970000	0.100869
4.971000	0.100869
4.972000	0.100869
4.973000	0.100869
4.974000	0.100869
4.975000	0.100869
4.976000	0.100869
4.977000	0.100869
4.978000	0.100869
4.979000	0.100869
4.980000	0.100869
4.981000	0.100869
4.982000	0.100869
4.983000	0.100869
4.984000	0.100869
4.985000	0.100870
4.986000	0.100870
4.987000	0.100870
4.988000	0.100870
4.989000	0.100870
4.990000	0.100870
4.991000	0.100870
4.992000	0.100870
4.993000	0.100870
4.994000	0.100870
4.995000	0.100870
4.996000	0.100870
4.997000	0.100870
4.998000	0.100870
4.999000	0.100870
