0.001000	0.000471
0.002000	0.000801
0.003000	0.001258
0.004000	0.001749
0.005000	0.002260
0.006000	0.002758
0.007000	0.003210
0.008000	0.003586
0.009000	0.003856
0.010000	0.003995
0.011000	0.003982
0.012000	0.003802
0.013000	0.003448
0.014000	0.002921
0.015000	0.002230
0.016000	0.001395
0.017000	0.000444
0.018000	-0.000590
0.019000	-0.001666
0.020000	-0.002741
0.021000	-0.003769
0.022000	-0.004708
0.023000	-0.005523
0.024000	-0.006183
0.025000	-0.006671
0.026000	-0.006981
0.027000	-0.007119
0.028000	-0.007108
0.029000	-0.006981
0.030000	-0.006781
0.031000	-0.006562
0.032000	-0.006378
0.033000	-0.006283
0.034000	-0.006327
0.035000	-0.006549
0.036000	-0.006973
0.037000	-0.007605
0.038000	-0.008434
0.039000	-0.009428
0.040000	-0.010538
0.041000	-0.011701
0.042000	-0.012845
0.043000	-0.013895
0.044000	-0.014779
0.045000	-0.015437
0.046000	-0.015826
0.047000	-0.015922
0.048000	-0.015728
0.049000	-0.015272
0.050000	-0.014606
0.051000	-0.013808
0.052000	-0.012968
0.053000	-0.012188
0.054000	-0.011572
0.055000	-0.011211
0.056000	-0.011181
0.057000	-0.011531
0.058000	-0.012273
0.059000	-0.013386
0.060000	-0.014809
0.061000	-0.016450
0.062000	-0.018190
0.063000	-0.019899
0.064000	-0.021441
0.065000	-0.022692
0.066000	-0.023549
0.067000	-0.023940
0.068000	-0.023834
0.069000	-0.023240
0.070000	-0.022212
0.071000	-0.020847
0.072000	-0.019276
0.073000	-0.017654
0.074000	-0.016152
0.075000	-0.014936
0.076000	-0.014155
0.077000	-0.013923
0.078000	-0.014304
0.079000	-0.015305
0.080000	-0.016872
0.081000	-0.018890
0.082000	-0.021201
0.083000	-0.023614
0.084000	-0.025925
0.085000	-0.027942
0.086000	-0.029496
0.087000	-0.030461
0.088000	-0.030759
0.089000	-0.030370
0.090000	-0.029333
0.091000	-0.027745
0.092000	-0.025753
0.093000	-0.023546
0.094000	-0.021340
0.095000	-0.019355
0.096000	-0.017801
0.097000	-0.016852
0.098000	-0.016626
0.099000	-0.017170
0.100000	-0.018455
0.101000	-0.020372
0.102000	-0.022752
0.103000	-0.025378
0.104000	-0.028016
0.105000	-0.030440
0.106000	-0.032446
0.107000	-0.033879
0.108000	-0.034634
0.109000	-0.034668
0.110000	-0.034001
0.111000	-0.032710
0.112000	-0.030928
0.113000	-0.028831
0.114000	-0.026623
0.115000	-0.024522
0.116000	-0.022736
0.117000	-0.021443
0.118000	-0.020775
0.119000	-0.020796
0.120000	-0.021501
0.121000	-0.022814
0.122000	-0.024599
0.123000	-0.026676
0.124000	-0.028848
0.125000	-0.030919
0.126000	-0.032715
0.127000	-0.034098
0.128000	-0.034974
0.129000	-0.035299
0.130000	-0.035078
0.131000	-0.034363
0.132000	-0.033247
0.133000	-0.031855
0.134000	-0.030332
0.135000	-0.028831
0.136000	-0.027498
0.137000	-0.026457
0.138000	-0.025798
0.139000	-0.025571
0.140000	-0.025778
0.141000	-0.026379
0.142000	-0.027294
0.143000	-0.028421
0.144000	-0.029642
0.145000	-0.030842
0.146000	-0.031916
0.147000	-0.032781
0.148000	-0.033380
0.149000	-0.033684
0.150000	-0.033693
0.151000	-0.033433
0.152000	-0.032952
0.153000	-0.032314
0.154000	-0.031593
0.155000	-0.030862
0.156000	-0.030191
0.157000	-0.029638
0.158000	-0.029245
0.159000	-0.029033
0.160000	-0.029005
0.161000	-0.029145
0.162000	-0.029421
0.163000	-0.029792
0.164000	-0.030212
0.165000	-0.030636
0.166000	-0.031022
0.167000	-0.031337
0.168000	-0.031558
0.169000	-0.031674
0.170000	-0.031684
0.171000	-0.031596
0.172000	-0.031427
0.173000	-0.031198
0.174000	-0.030934
0.175000	-0.030658
0.176000	-0.030392
0.177000	-0.030155
0.178000	-0.029958
0.179000	-0.029809
0.180000	-0.029708
0.181000	-0.029651
0.182000	-0.029631
0.183000	-0.029636
0.184000	-0.029655
0.185000	-0.029677
0.186000	-0.029690
0.187000	-0.029687
0.188000	-0.029662
0.189000	-0.029611
0.190000	-0.029534
0.191000	-0.029433
0.192000	-0.029310
0.193000	-0.029171
0.194000	-0.029021
0.195000	-0.028863
0.196000	-0.028702
0.197000	-0.028543
0.198000	-0.028387
0.199000	-0.028236
0.200000	-0.028091
0.201000	-0.027950
0.202000	-0.027813
0.203000	-0.027678
0.204000	-0.027543
0.205000	-0.027407
0.206000	-0.027267
0.207000	-0.027123
0.208000	-0.026973
0.209000	-0.026817
0.210000	-0.026655
0.211000	-0.026486
0.212000	-0.026312
0.213000	-0.026132
0.214000	-0.025948
0.215000	-0.025759
0.216000	-0.025567
0.217000	-0.025371
0.218000	-0.025173
0.219000	-0.024972
0.220000	-0.024768
0.221000	-0.024562
0.222000	-0.024353
0.223000	-0.024141
0.224000	-0.023926
0.225000	-0.023709
0.226000	-0.023488
0.227000	-0.023263
0.228000	-0.023035
0.229000	-0.022804
0.230000	-0.022569
0.231000	-0.022331
0.232000	-0.022088
0.233000	-0.021843
0.234000	-0.021594
0.235000	-0.021341
0.236000	-0.021085
0.237000	-0.020826
0.238000	-0.020563
0.239000	-0.020297
0.240000	-0.020027
0.241000	-0.019755
0.242000	-0.019479
0.243000	-0.019199
0.244000	-0.018917
0.245000	-0.018631
0.246000	-0.018341
0.247000	-0.018049
0.248000	-0.017753
0.249000	-0.017454
0.250000	-0.017152
0.251000	-0.016846
0.252000	-0.016537
0.253000	-0.016224
0.254000	-0.015909
0.255000	-0.015590
0.256000	-0.015268
0.257000	-0.014942
0.258000	-0.014614
0.259000	-0.014282
0.260000	-0.013946
0.261000	-0.013608
0.262000	-0.013266
0.263000	-0.012921
0.264000	-0.012573
0.265000	-0.012222
0.266000	-0.011867
0.267000	-0.011510
0.268000	-0.011149
0.269000	-0.010785
0.270000	-0.010417
0.271000	-0.010047
0.272000	-0.009673
0.273000	-0.009297
0.274000	-0.008917
0.275000	-0.008534
0.276000	-0.008147
0.277000	-0.007758
0.278000	-0.007366
0.279000	-0.006970
0.280000	-0.006571
0.281000	-0.006170
0.282000	-0.005765
0.283000	-0.005357
0.284000	-0.004946
0.285000	-0.004532
0.286000	-0.004115
0.287000	-0.003695
0.288000	-0.003272
0.289000	-0.002845
0.290000	-0.002416
0.291000	-0.001984
0.292000	-0.001549
0.293000	-0.001110
0.294000	-0.000669
0.295000	-0.000225
0.296000	0.000222
0.297000	0.000672
0.298000	0.001125
0.299000	0.001581
0.300000	0.002040
0.301000	0.002502
0.302000	0.002966
0.303000	0.003434
0.304000	0.003904
0.305000	0.004378
0.306000	0.004854
0.307000	0.005333
0.308000	0.005815
0.309000	0.006300
0.310000	0.006787
0.311000	0.007277
0.312000	0.007771
0.313000	0.008267
0.314000	0.008765
0.315000	0.009267
0.316000	0.009771
0.317000	0.010278
0.318000	0.010788
0.319000	0.011300
0.320000	0.011816
0.321000	0.012334
0.322000	0.012854
0.323000	0.013378
0.324000	0.013903
0.325000	0.014432
0.326000	0.014963
0.327000	0.015497
0.328000	0.016034
0.329000	0.016573
0.330000	0.017115
0.331000	0.017659
0.332000	0.018206
0.333000	0.018756
0.334000	0.019308
0.335000	0.019862
0.336000	0.020419
0.337000	0.020979
0.338000	0.021541
0.339000	0.022106
0.340000	0.022673
0.341000	0.023243
0.342000	0.023815
0.343000	0.024390
0.344000	0.024967
0.345000	0.025546
0.346000	0.026128
0.347000	0.026712
0.348000	0.027299
0.349000	0.027888
0.350000	0.028479
0.351000	0.029073
0.352000	0.029669
0.353000	0.030268
0.354000	0.030868
0.355000	0.031471
0.356000	0.032077
0.357000	0.032684
0.358000	0.033294
0.359000	0.033906
0.360000	0.034521
0.361000	0.035137
0.362000	0.035756
0.363000	0.036377
0.364000	0.037000
0.365000	0.037626
0.366000	0.038253
0.367000	0.038883
0.368000	0.039515
0.369000	0.040149
0.370000	0.040785
0.371000	0.041423
0.372000	0.042064
0.373000	0.042706
0.374000	0.043350
0.375000	0.043997
0.376000	0.044645
0.377000	0.045296
0.378000	0.045949
0.379000	0.046603
0.380000	0.047260
0.381000	0.047918
0.382000	0.048579
0.383000	0.049241
0.384000	0.049905
0.385000	0.050572
0.386000	0.051240
0.387000	0.051910
0.388000	0.052582
0.389000	0.053256
0.390000	0.053931
0.391000	0.054609
0.392000	0.055288
0.393000	0.055969
0.394000	0.056652
0.395000	0.057337
0.396000	0.058023
0.397000	0.058711
0.398000	0.059401
0.399000	0.060093
0.400000	0.060787
0.401000	0.061482
0.402000	0.062179
0.403000	0.062877
0.404000	0.063577
0.405000	0.064279
0.406000	0.064983
0.407000	0.065688
0.408000	0.066394
0.409000	0.067103
0.410000	0.067813
0.411000	0.068524
0.412000	0.069237
0.413000	0.069952
0.414000	0.070668
0.415000	0.071385
0.416000	0.072105
0.417000	0.072825
0.418000	0.073547
0.419000	0.074271
0.420000	0.074996
0.421000	0.075722
0.422000	0.076450
0.423000	0.077179
0.424000	0.077910
0.425000	0.078642
0.426000	0.079376
0.427000	0.080110
0.428000	0.080846
0.429000	0.081584
0.430000	0.082323
0.431000	0.083063
0.432000	0.083804
0.433000	0.084547
0.434000	0.085291
0.435000	0.086036
0.436000	0.086782
0.437000	0.087530
0.438000	0.088279
0.439000	0.089029
0.440000	0.089780
0.441000	0.090532
0.442000	0.091286
0.443000	0.092040
0.444000	0.092796
0.445000	0.093553
0.446000	0.094311
0.447000	0.095070
0.448000	0.095830
0.449000	0.096591
0.450000	0.097354
0.451000	0.098117
0.452000	0.098881
0.453000	0.099647
0.454000	0.100413
0.455000	0.101180
0.456000	0.101949
0.457000	0.102718
0.458000	0.103488
0.459000	0.104259
0.460000	0.105031
0.461000	0.105804
0.462000	0.106578
0.463000	0.107353
0.464000	0.108128
0.465000	0.108905
0.466000	0.109682
0.467000	0.110460
0.468000	0.111239
0.469000	0.112019
0.470000	0.112799
0.471000	0.113580
0.472000	0.114362
0.473000	0.115145
0.474000	0.115929
0.475000	0.116713
0.476000	0.117498
0.477000	0.118283
0.478000	0.119070
0.479000	0.119857
0.480000	0.120644
0.481000	0.121432
0.482000	0.122221
0.483000	0.123011
0.484000	0.123801
0.485000	0.124592
0.486000	0.125383
0.487000	0.126175
0.488000	0.126967
0.489000	0.127760
0.490000	0.128554
0.491000	0.129348
0.492000	0.130142
0.493000	0.130937
0.494000	0.131733
0.495000	0.132529
0.496000	0.133325
0.497000	0.134122
0.498000	0.134919
0.499000	0.135717
0.500000	0.136515
0.501000	0.137313
0.502000	0.138112
0.503000	0.138912
0.504000	0.139711
0.505000	0.140511
0.506000	0.141311
0.507000	0.142112
0.508000	0.142913
0.509000	0.143714
0.510000	0.144516
0.511000	0.145317
0.512000	0.146119
0.513000	0.146921
0.514000	0.147724
0.515000	0.148527
0.516000	0.149330
0.517000	0.150133
0.518000	0.150936
0.519000	0.151739
0.520000	0.152543
0.521000	0.153347
0.522000	0.154151
0.523000	0.154955
0.524000	0.155759
0.525000	0.156563
0.526000	0.157367
0.527000	0.158172
0.528000	0.158976
0.529000	0.159781
0.530000	0.160586
0.531000	0.161390
0.532000	0.162195
0.533000	0.162999
0.534000	0.163804
0.535000	0.164609
0.536000	0.165413
0.537000	0.166218
0.538000	0.167022
0.539000	0.167827
0.540000	0.168631
0.541000	0.169436
0.542000	0.170240
0.543000	0.171044
0.544000	0.171848
0.545000	0.172652
0.546000	0.173456
0.547000	0.174259
0.548000	0.175062
0.549000	0.175866
0.550000	0.176669
0.551000	0.177472
0.552000	0.178274
0.553000	0.179077
0.554000	0.179879
0.555000	0.180681
0.556000	0.181483
0.557000	0.182284
0.558000	0.183085
0.559000	0.183886
0.560000	0.184687
0.561000	0.185487
0.562000	0.186287
0.563000	0.187087
0.564000	0.187886
0.565000	0.188685
0.566000	0.189484
0.567000	0.190282
0.568000	0.191080
0.569000	0.191878
0.570000	0.192675
0.571000	0.193471
0.572000	0.194268
0.573000	0.195064
0.574000	0.195859
0.575000	0.196654
0.576000	0.197448
0.577000	0.198242
0.578000	0.199036
0.579000	0.199829
0.580000	0.200622
0.581000	0.201414
0.582000	0.202205
0.583000	0.202996
0.584000	0.203787
0.585000	0.204576
0.586000	0.205366
0.587000	0.206154
0.588000	0.206943
0.589000	0.207730
0.590000	0.208517
0.591000	0.209304
0.592000	0.210089
0.593000	0.210874
0.594000	0.211659
0.595000	0.212443
0.596000	0.213226
0.597000	0.214008
0.598000	0.214790
0.599000	0.215571
0.600000	0.216352
0.601000	0.217131
0.602000	0.217910
0.603000	0.218688
0.604000	0.219466
0.605000	0.220243
0.606000	0.221019
0.607000	0.221794
0.608000	0.222568
0.609000	0.223342
0.610000	0.224115
0.611000	0.224887
0.612000	0.225658
0.613000	0.226429
0.614000	0.227198
0.615000	0.227967
0.616000	0.228735
0.617000	0.229502
0.618000	0.230268
0.619000	0.231034
0.620000	0.231798
0.621000	0.232562
0.622000	0.233324
0.623000	0.234086
0.624000	0.234847
0.625000	0.235607
0.626000	0.236365
0.627000	0.237123
0.628000	0.237880
0.629000	0.238637
0.630000	0.239392
0.631000	0.240146
0.632000	0.240899
0.633000	0.241651
0.634000	0.242402
0.635000	0.243152
0.636000	0.243901
0.637000	0.244649
0.638000	0.245396
0.639000	0.246142
0.640000	0.246887
0.641000	0.247631
0.642000	0.248374
0.643000	0.249115
0.644000	0.249856
0.645000	0.250595
0.646000	0.251334
0.647000	0.252071
0.648000	0.252807
0.649000	0.253542
0.650000	0.254276
0.651000	0.255008
0.652000	0.255740
0.653000	0.256470
0.654000	0.257199
0.655000	0.257927
0.656000	0.258654
0.657000	0.259380
0.658000	0.260104
0.659000	0.260827
0.660000	0.261549
0.661000	0.262270
0.662000	0.262990
0.663000	0.263708
0.664000	0.264425
0.665000	0.265141
0.666000	0.265855
0.667000	0.266569
0.668000	0.267280
0.669000	0.267991
0.670000	0.268700
0.671000	0.269408
0.672000	0.270115
0.673000	0.270821
0.674000	0.271525
0.675000	0.272227
0.676000	0.272929
0.677000	0.273629
0.678000	0.274328
0.679000	0.275025
0.680000	0.275721
0.681000	0.276416
0.682000	0.277109
0.683000	0.277801
0.684000	0.278491
0.685000	0.279180
0.686000	0.279868
0.687000	0.280554
0.688000	0.281239
0.689000	0.281922
0.690000	0.282604
0.691000	0.283284
0.692000	0.283963
0.693000	0.284641
0.694000	0.285317
0.695000	0.285992
0.696000	0.286665
0.697000	0.287336
0.698000	0.288007
0.699000	0.288675
0.700000	0.289342
0.701000	0.290008
0.702000	0.290672
0.703000	0.291335
0.704000	0.291996
0.705000	0.292655
0.706000	0.293313
0.707000	0.293969
0.708000	0.294624
0.709000	0.295277
0.710000	0.295929
0.711000	0.296579
0.712000	0.297228
0.713000	0.297875
0.714000	0.298520
0.715000	0.299164
0.716000	0.299806
0.717000	0.300446
0.718000	0.301085
0.719000	0.301722
0.720000	0.302358
0.721000	0.302992
0.722000	0.303624
0.723000	0.304255
0.724000	0.304884
0.725000	0.305511
0.726000	0.306137
0.727000	0.306761
0.728000	0.307383
0.729000	0.308004
0.730000	0.308623
0.731000	0.309240
0.732000	0.309856
0.733000	0.310469
0.734000	0.311082
0.735000	0.311692
0.736000	0.312301
0.737000	0.312908
0.738000	0.313513
0.739000	0.314116
0.740000	0.314718
0.741000	0.315318
0.742000	0.315916
0.743000	0.316512
0.744000	0.317107
0.745000	0.317700
0.746000	0.318291
0.747000	0.318880
0.748000	0.319467
0.749000	0.320053
0.750000	0.320637
0.751000	0.321219
0.752000	0.321799
0.753000	0.322378
0.754000	0.322954
0.755000	0.323529
0.756000	0.324102
0.757000	0.324673
0.758000	0.325242
0.759000	0.325810
0.760000	0.326375
0.761000	0.326939
0.762000	0.327501
0.763000	0.328061
0.764000	0.328619
0.765000	0.329175
0.766000	0.329729
0.767000	0.330281
0.768000	0.330832
0.769000	0.331381
0.770000	0.331927
0.771000	0.332472
0.772000	0.333015
0.773000	0.333556
0.774000	0.334095
0.775000	0.334632
0.776000	0.335167
0.777000	0.335700
0.778000	0.336231
0.779000	0.336761
0.780000	0.337288
0.781000	0.337814
0.782000	0.338337
0.783000	0.338858
0.784000	0.339378
0.785000	0.339895
0.786000	0.340411
0.787000	0.340925
0.788000	0.341436
0.789000	0.341946
0.790000	0.342453
0.791000	0.342959
0.792000	0.343462
0.793000	0.343964
0.794000	0.344464
0.795000	0.344961
0.796000	0.345457
0.797000	0.345950
0.798000	0.346442
0.799000	0.346931
0.800000	0.347418
0.801000	0.347904
0.802000	0.348387
0.803000	0.348868
0.804000	0.349347
0.805000	0.349824
0.806000	0.350299
0.807000	0.350772
0.808000	0.351243
0.809000	0.351712
0.810000	0.352179
0.811000	0.352644
0.812000	0.353106
0.813000	0.353567
0.814000	0.354025
0.815000	0.354481
0.816000	0.354935
0.817000	0.355388
0.818000	0.355838
0.819000	0.356285
0.820000	0.356731
0.821000	0.357175
0.822000	0.357616
0.823000	0.358056
0.824000	0.358493
0.825000	0.358928
0.826000	0.359361
0.827000	0.359792
0.828000	0.360220
0.829000	0.360647
0.830000	0.361071
0.831000	0.361494
0.832000	0.361914
0.833000	0.362331
0.834000	0.362747
0.835000	0.363161
0.836000	0.363572
0.837000	0.363981
0.838000	0.364388
0.839000	0.364793
0.840000	0.365196
0.841000	0.365596
0.842000	0.365995
0.843000	0.366391
0.844000	0.366784
0.845000	0.367176
0.846000	0.367566
0.847000	0.367953
0.848000	0.368338
0.849000	0.368721
0.850000	0.369101
0.851000	0.369480
0.852000	0.369856
0.853000	0.370230
0.854000	0.370602
0.855000	0.370971
0.856000	0.371338
0.857000	0.371703
0.858000	0.372066
0.859000	0.372427
0.860000	0.372785
0.861000	0.373141
0.862000	0.373495
0.863000	0.373846
0.864000	0.374195
0.865000	0.374542
0.866000	0.374887
0.867000	0.375230
0.868000	0.375570
0.869000	0.375908
0.870000	0.376243
0.871000	0.376577
0.872000	0.376908
0.873000	0.377237
0.874000	0.377563
0.875000	0.377887
0.876000	0.378209
0.877000	0.378529
0.878000	0.378846
0.879000	0.379162
0.880000	0.379474
0.881000	0.379785
0.882000	0.380093
0.883000	0.380399
0.884000	0.380702
0.885000	0.381004
0.886000	0.381302
0.887000	0.381599
0.888000	0.381893
0.889000	0.382185
0.890000	0.382475
0.891000	0.382762
0.892000	0.383047
0.893000	0.383330
0.894000	0.383610
0.895000	0.383888
0.896000	0.384164
0.897000	0.384437
0.898000	0.384708
0.899000	0.384977
0.900000	0.385243
0.901000	0.385507
0.902000	0.385769
0.903000	0.386028
0.904000	0.386285
0.905000	0.386539
0.906000	0.386791
0.907000	0.387041
0.908000	0.387289
0.909000	0.387534
0.910000	0.387776
0.911000	0.388017
0.912000	0.388255
0.913000	0.388490
0.914000	0.388724
0.915000	0.388955
0.916000	0.389183
0.917000	0.389409
0.918000	0.389633
0.919000	0.389854
0.920000	0.390073
0.921000	0.390290
0.922000	0.390504
0.923000	0.390716
0.924000	0.390925
0.925000	0.391133
0.926000	0.391337
0.927000	0.391539
0.928000	0.391739
0.929000	0.391937
0.930000	0.392132
0.931000	0.392325
0.932000	0.392515
0.933000	0.392703
0.934000	0.392888
0.935000	0.393071
0.936000	0.393252
0.937000	0.393430
0.938000	0.393606
0.939000	0.393779
0.940000	0.393950
0.941000	0.394119
0.942000	0.394285
0.943000	0.394449
0.944000	0.394610
0.945000	0.394769
0.946000	0.394926
0.947000	0.395080
0.948000	0.395232
0.949000	0.395381
0.950000	0.395528
0.951000	0.395672
0.952000	0.395814
0.953000	0.395954
0.954000	0.396091
0.955000	0.396225
0.956000	0.396358
0.957000	0.396487
0.958000	0.396615
0.959000	0.396740
0.960000	0.396862
0.961000	0.396982
0.962000	0.397100
0.963000	0.397215
0.964000	0.397328
0.965000	0.397438
0.966000	0.397546
0.967000	0.397652
0.968000	0.397755
0.969000	0.397855
0.970000	0.397953
0.971000	0.398049
0.972000	0.398142
0.973000	0.398233
0.974000	0.398321
0.975000	0.398407
0.976000	0.398491
0.977000	0.398571
0.978000	0.398650
0.979000	0.398726
0.980000	0.398800
0.981000	0.398871
0.982000	0.398940
0.983000	0.399006
0.984000	0.399070
0.985000	0.399131
0.986000	0.399190
0.987000	0.399246
0.988000	0.399300
0.989000	0.399352
0.990000	0.399401
0.991000	0.399448
0.992000	0.399492
0.993000	0.399533
0.994000	0.399573
0.995000	0.399609
0.996000	0.399644
0.997000	0.399676
0.998000	0.399705
0.999000	0.399732
1.000000	0.399756
1.001000	0.399779
1.002000	0.399798
1.003000	0.399815
1.004000	0.399830
1.005000	0.399842
1.006000	0.399852
1.007000	0.399859
1.008000	0.399864
1.009000	0.399866
1.010000	0.399866
1.011000	0.399863
1.012000	0.399858
1.013000	0.399851
1.014000	0.399841
1.015000	0.399828
1.016000	0.399813
1.017000	0.399796
1.018000	0.399776
1.019000	0.399754
1.020000	0.399729
1.021000	0.399702
1.022000	0.399672
1.023000	0.399640
1.024000	0.399605
1.025000	0.399568
1.026000	0.399529
1.027000	0.399487
1.028000	0.399442
1.029000	0.399395
1.030000	0.399346
1.031000	0.399294
1.032000	0.399240
1.033000	0.399183
1.034000	0.399124
1.035000	0.399062
1.036000	0.398998
1.037000	0.398931
1.038000	0.398862
1.039000	0.398790
1.040000	0.398716
1.041000	0.398640
1.042000	0.398561
1.043000	0.398480
1.044000	0.398396
1.045000	0.398309
1.046000	0.398221
1.047000	0.398129
1.048000	0.398036
1.049000	0.397940
1.050000	0.397841
1.051000	0.397740
1.052000	0.397637
1.053000	0.397531
1.054000	0.397422
1.055000	0.397311
1.056000	0.397198
1.057000	0.397082
1.058000	0.396964
1.059000	0.396844
1.060000	0.396720
1.061000	0.396595
1.062000	0.396467
1.063000	0.396337
1.064000	0.396204
1.065000	0.396068
1.066000	0.395931
1.067000	0.395790
1.068000	0.395648
1.069000	0.395503
1.070000	0.395355
1.071000	0.395205
1.072000	0.395053
1.073000	0.394898
1.074000	0.394741
1.075000	0.394581
1.076000	0.394419
1.077000	0.394254
1.078000	0.394087
1.079000	0.393918
1.080000	0.393746
1.081000	0.393571
1.082000	0.393395
1.083000	0.393216
1.084000	0.393034
1.085000	0.392850
1.086000	0.392664
1.087000	0.392475
1.088000	0.392283
1.089000	0.392090
1.090000	0.391894
1.091000	0.391695
1.092000	0.391494
1.093000	0.391291
1.094000	0.391085
1.095000	0.390877
1.096000	0.390666
1.097000	0.390453
1.098000	0.390238
1.099000	0.390020
1.100000	0.389800
1.101000	0.389577
1.102000	0.389352
1.103000	0.389125
1.104000	0.388895
1.105000	0.388662
1.106000	0.388428
1.107000	0.388191
1.108000	0.387951
1.109000	0.387710
1.110000	0.387465
1.111000	0.387219
1.112000	0.386970
1.113000	0.386718
1.114000	0.386465
1.115000	0.386209
1.116000	0.385950
1.117000	0.385689
1.118000	0.385426
1.119000	0.385160
1.120000	0.384892
1.121000	0.384622
1.122000	0.384349
1.123000	0.384074
1.124000	0.383797
1.125000	0.383517
1.126000	0.383234
1.127000	0.382950
1.128000	0.382663
1.129000	0.382374
1.130000	0.382082
1.131000	0.381788
1.132000	0.381492
1.133000	0.381193
1.134000	0.380892
1.135000	0.380589
1.136000	0.380283
1.137000	0.379975
1.138000	0.379664
1.139000	0.379352
1.140000	0.379037
1.141000	0.378719
1.142000	0.378399
1.143000	0.378077
1.144000	0.377753
1.145000	0.377426
1.146000	0.377097
1.147000	0.376766
1.148000	0.376432
1.149000	0.376096
1.150000	0.375758
1.151000	0.375417
1.152000	0.375074
1.153000	0.374729
1.154000	0.374382
1.155000	0.374032
1.156000	0.373680
1.157000	0.373325
1.158000	0.372969
1.159000	0.372610
1.160000	0.372249
1.161000	0.371885
1.162000	0.371519
1.163000	0.371151
1.164000	0.370781
1.165000	0.370408
1.166000	0.370033
1.167000	0.369656
1.168000	0.369276
1.169000	0.368895
1.170000	0.368511
1.171000	0.368124
1.172000	0.367736
1.173000	0.367345
1.174000	0.366952
1.175000	0.366557
1.176000	0.366159
1.177000	0.365760
1.178000	0.365358
1.179000	0.364954
1.180000	0.364547
1.181000	0.364139
1.182000	0.363728
1.183000	0.363315
1.184000	0.362899
1.185000	0.362482
1.186000	0.362062
1.187000	0.361640
1.188000	0.361216
1.189000	0.360789
1.190000	0.360361
1.191000	0.359930
1.192000	0.359497
1.193000	0.359062
1.194000	0.358624
1.195000	0.358185
1.196000	0.357743
1.197000	0.357299
1.198000	0.356853
1.199000	0.356405
1.200000	0.355955
1.201000	0.355502
1.202000	0.355047
1.203000	0.354590
1.204000	0.354131
1.205000	0.353670
1.206000	0.353207
1.207000	0.352741
1.208000	0.352274
1.209000	0.351804
1.210000	0.351332
1.211000	0.350858
1.212000	0.350382
1.213000	0.349903
1.214000	0.349423
1.215000	0.348941
1.216000	0.348456
1.217000	0.347969
1.218000	0.347480
1.219000	0.346989
1.220000	0.346496
1.221000	0.346001
1.222000	0.345504
1.223000	0.345005
1.224000	0.344503
1.225000	0.344000
1.226000	0.343494
1.227000	0.342987
1.228000	0.342477
1.229000	0.341965
1.230000	0.341452
1.231000	0.340936
1.232000	0.340418
1.233000	0.339898
1.234000	0.339376
1.235000	0.338852
1.236000	0.338326
1.237000	0.337798
1.238000	0.337268
1.239000	0.336736
1.240000	0.336201
1.241000	0.335665
1.242000	0.335127
1.243000	0.334587
1.244000	0.334045
1.245000	0.333501
1.246000	0.332955
1.247000	0.332407
1.248000	0.331856
1.249000	0.331304
1.250000	0.330750
1.251000	0.330194
1.252000	0.329636
1.253000	0.329076
1.254000	0.328515
1.255000	0.327951
1.256000	0.327385
1.257000	0.326817
1.258000	0.326248
1.259000	0.325676
1.260000	0.325102
1.261000	0.324527
1.262000	0.323950
1.263000	0.323370
1.264000	0.322789
1.265000	0.322206
1.266000	0.321621
1.267000	0.321035
1.268000	0.320446
1.269000	0.319855
1.270000	0.319263
1.271000	0.318668
1.272000	0.318072
1.273000	0.317474
1.274000	0.316874
1.275000	0.316272
1.276000	0.315669
1.277000	0.315063
1.278000	0.314456
1.279000	0.313847
1.280000	0.313236
1.281000	0.312623
1.282000	0.312009
1.283000	0.311392
1.284000	0.310774
1.285000	0.310154
1.286000	0.309532
1.287000	0.308909
1.288000	0.308283
1.289000	0.307656
1.290000	0.307027
1.291000	0.306397
1.292000	0.305764
1.293000	0.305130
1.294000	0.304494
1.295000	0.303856
1.296000	0.303217
1.297000	0.302576
1.298000	0.301933
1.299000	0.301288
1.300000	0.300642
1.301000	0.299994
1.302000	0.299344
1.303000	0.298693
1.304000	0.298040
1.305000	0.297385
1.306000	0.296729
1.307000	0.296071
1.308000	0.295411
1.309000	0.294749
1.310000	0.294086
1.311000	0.293422
1.312000	0.292755
1.313000	0.292087
1.314000	0.291418
1.315000	0.290746
1.316000	0.290073
1.317000	0.289399
1.318000	0.288723
1.319000	0.288045
1.320000	0.287366
1.321000	0.286685
1.322000	0.286003
1.323000	0.285319
1.324000	0.284633
1.325000	0.283946
1.326000	0.283257
1.327000	0.282567
1.328000	0.281875
1.329000	0.281182
1.330000	0.280487
1.331000	0.279791
1.332000	0.279093
1.333000	0.278394
1.334000	0.277693
1.335000	0.276990
1.336000	0.276287
1.337000	0.275581
1.338000	0.274875
1.339000	0.274166
1.340000	0.273457
1.341000	0.272745
1.342000	0.272033
1.343000	0.271319
1.344000	0.270603
1.345000	0.269887
1.346000	0.269168
1.347000	0.268449
1.348000	0.267728
1.349000	0.267005
1.350000	0.266281
1.351000	0.265556
1.352000	0.264829
1.353000	0.264101
1.354000	0.263372
1.355000	0.262641
1.356000	0.261909
1.357000	0.261176
1.358000	0.260441
1.359000	0.259706
1.360000	0.258968
1.361000	0.258230
1.362000	0.257490
1.363000	0.256749
1.364000	0.256006
1.365000	0.255262
1.366000	0.254518
1.367000	0.253771
1.368000	0.253024
1.369000	0.252275
1.370000	0.251525
1.371000	0.250774
1.372000	0.250022
1.373000	0.249268
1.374000	0.248513
1.375000	0.247757
1.376000	0.247000
1.377000	0.246242
1.378000	0.245482
1.379000	0.244722
1.380000	0.243960
1.381000	0.243197
1.382000	0.242433
1.383000	0.241668
1.384000	0.240901
1.385000	0.240134
1.386000	0.239365
1.387000	0.238596
1.388000	0.237825
1.389000	0.237053
1.390000	0.236281
1.391000	0.235507
1.392000	0.234732
1.393000	0.233956
1.394000	0.233179
1.395000	0.232401
1.396000	0.231622
1.397000	0.230842
1.398000	0.230061
1.399000	0.229279
1.400000	0.228496
1.401000	0.227712
1.402000	0.226927
1.403000	0.226141
1.404000	0.225354
1.405000	0.224567
1.406000	0.223778
1.407000	0.222989
1.408000	0.222198
1.409000	0.221407
1.410000	0.220615
1.411000	0.219821
1.412000	0.219027
1.413000	0.218233
1.414000	0.217437
1.415000	0.216641
1.416000	0.215843
1.417000	0.215045
1.418000	0.214246
1.419000	0.213446
1.420000	0.212646
1.421000	0.211845
1.422000	0.211043
1.423000	0.210240
1.424000	0.209436
1.425000	0.208632
1.426000	0.207827
1.427000	0.207021
1.428000	0.206215
1.429000	0.205408
1.430000	0.204600
1.431000	0.203791
1.432000	0.202982
1.433000	0.202172
1.434000	0.201362
1.435000	0.200551
1.436000	0.199739
1.437000	0.198927
1.438000	0.198114
1.439000	0.197300
1.440000	0.196486
1.441000	0.195671
1.442000	0.194856
1.443000	0.194040
1.444000	0.193224
1.445000	0.192407
1.446000	0.191589
1.447000	0.190771
1.448000	0.189953
1.449000	0.189134
1.450000	0.188315
1.451000	0.187495
1.452000	0.186675
1.453000	0.185854
1.454000	0.185033
1.455000	0.184211
1.456000	0.183389
1.457000	0.182567
1.458000	0.181744
1.459000	0.180921
1.460000	0.180097
1.461000	0.179273
1.462000	0.178449
1.463000	0.177624
1.464000	0.176800
1.465000	0.175974
1.466000	0.175149
1.467000	0.174323
1.468000	0.173497
1.469000	0.172671
1.470000	0.171844
1.471000	0.171017
1.472000	0.170190
1.473000	0.169363
1.474000	0.168536
1.475000	0.167708
1.476000	0.166880
1.477000	0.166052
1.478000	0.165224
1.479000	0.164396
1.480000	0.163567
1.481000	0.162739
1.482000	0.161910
1.483000	0.161081
1.484000	0.160252
1.485000	0.159424
1.486000	0.158595
1.487000	0.157766
1.488000	0.156937
1.489000	0.156108
1.490000	0.155279
1.491000	0.154449
1.492000	0.153620
1.493000	0.152791
1.494000	0.151962
1.495000	0.151133
1.496000	0.150305
1.497000	0.149476
1.498000	0.148647
1.499000	0.147819
1.500000	0.146990
1.501000	0.146162
1.502000	0.145334
1.503000	0.144506
1.504000	0.143678
1.505000	0.142850
1.506000	0.142023
1.507000	0.141195
1.508000	0.140368
1.509000	0.139541
1.510000	0.138715
1.511000	0.137889
1.512000	0.137062
1.513000	0.136237
1.514000	0.135411
1.515000	0.134586
1.516000	0.133761
1.517000	0.132937
1.518000	0.132113
1.519000	0.131289
1.520000	0.130466
1.521000	0.129643
1.522000	0.128820
1.523000	0.127998
1.524000	0.127176
1.525000	0.126355
1.526000	0.125534
1.527000	0.124714
1.528000	0.123894
1.529000	0.123075
1.530000	0.122256
1.531000	0.121438
1.532000	0.120620
1.533000	0.119803
1.534000	0.118986
1.535000	0.118170
1.536000	0.117355
1.537000	0.116540
1.538000	0.115726
1.539000	0.114913
1.540000	0.114100
1.541000	0.113288
1.542000	0.112476
1.543000	0.111665
1.544000	0.110855
1.545000	0.110046
1.546000	0.109237
1.547000	0.108430
1.548000	0.107623
1.549000	0.106816
1.550000	0.106011
1.551000	0.105206
1.552000	0.104402
1.553000	0.103599
1.554000	0.102797
1.555000	0.101996
1.556000	0.101196
1.557000	0.100397
1.558000	0.099598
1.559000	0.098800
1.560000	0.098004
1.561000	0.097208
1.562000	0.096414
1.563000	0.095620
1.564000	0.094827
1.565000	0.094036
1.566000	0.093245
1.567000	0.092456
1.568000	0.091667
1.569000	0.090880
1.570000	0.090094
1.571000	0.089308
1.572000	0.088524
1.573000	0.087742
1.574000	0.086960
1.575000	0.086179
1.576000	0.085400
1.577000	0.084622
1.578000	0.083845
1.579000	0.083069
1.580000	0.082295
1.581000	0.081522
1.582000	0.080750
1.583000	0.079979
1.584000	0.079210
1.585000	0.078442
1.586000	0.077676
1.587000	0.076910
1.588000	0.076147
1.589000	0.075384
1.590000	0.074623
1.591000	0.073864
1.592000	0.073105
1.593000	0.072349
1.594000	0.071593
1.595000	0.070840
1.596000	0.070087
1.597000	0.069337
1.598000	0.068587
1.599000	0.067840
1.600000	0.067094
1.601000	0.066349
1.602000	0.065606
1.603000	0.064865
1.604000	0.064125
1.605000	0.063387
1.606000	0.062651
1.607000	0.061916
1.608000	0.061183
1.609000	0.060452
1.610000	0.059722
1.611000	0.058995
1.612000	0.058268
1.613000	0.057544
1.614000	0.056822
1.615000	0.056101
1.616000	0.055382
1.617000	0.054665
1.618000	0.053950
1.619000	0.053236
1.620000	0.052525
1.621000	0.051815
1.622000	0.051107
1.623000	0.050402
1.624000	0.049698
1.625000	0.048996
1.626000	0.048296
1.627000	0.047598
1.628000	0.046902
1.629000	0.046208
1.630000	0.045517
1.631000	0.044827
1.632000	0.044139
1.633000	0.043454
1.634000	0.042770
1.635000	0.042089
1.636000	0.041409
1.637000	0.040732
1.638000	0.040057
1.639000	0.039385
1.640000	0.038714
1.641000	0.038046
1.642000	0.037379
1.643000	0.036716
1.644000	0.036054
1.645000	0.035394
1.646000	0.034737
1.647000	0.034083
1.648000	0.033430
1.649000	0.032780
1.650000	0.032132
1.651000	0.031487
1.652000	0.030844
1.653000	0.030203
1.654000	0.029565
1.655000	0.028929
1.656000	0.028296
1.657000	0.027665
1.658000	0.027037
1.659000	0.026411
1.660000	0.025787
1.661000	0.025166
1.662000	0.024548
1.663000	0.023932
1.664000	0.023319
1.665000	0.022708
1.666000	0.022100
1.667000	0.021495
1.668000	0.020892
1.669000	0.020292
1.670000	0.019694
1.671000	0.019099
1.672000	0.018507
1.673000	0.017917
1.674000	0.017331
1.675000	0.016747
1.676000	0.016165
1.677000	0.015587
1.678000	0.015011
1.679000	0.014438
1.680000	0.013868
1.681000	0.013300
1.682000	0.012736
1.683000	0.012174
1.684000	0.011615
1.685000	0.011059
1.686000	0.010506
1.687000	0.009956
1.688000	0.009409
1.689000	0.008864
1.690000	0.008323
1.691000	0.007785
1.692000	0.007249
1.693000	0.006717
1.694000	0.006187
1.695000	0.005661
1.696000	0.005137
1.697000	0.004617
1.698000	0.004099
1.699000	0.003585
1.700000	0.003074
1.701000	0.002566
1.702000	0.002061
1.703000	0.001559
1.704000	0.001060
1.705000	0.000564
1.706000	0.000072
1.707000	-0.000418
1.708000	-0.000904
1.709000	-0.001387
1.710000	-0.001867
1.711000	-0.002343
1.712000	-0.002817
1.713000	-0.003287
1.714000	-0.003754
1.715000	-0.004217
1.716000	-0.004677
1.717000	-0.005134
1.718000	-0.005588
1.719000	-0.006039
1.720000	-0.006486
1.721000	-0.006929
1.722000	-0.007370
1.723000	-0.007807
1.724000	-0.008241
1.725000	-0.008671
1.726000	-0.009098
1.727000	-0.009522
1.728000	-0.009942
1.729000	-0.010358
1.730000	-0.010772
1.731000	-0.011182
1.732000	-0.011588
1.733000	-0.011991
1.734000	-0.012390
1.735000	-0.012786
1.736000	-0.013179
1.737000	-0.013568
1.738000	-0.013954
1.739000	-0.014336
1.740000	-0.014714
1.741000	-0.015089
1.742000	-0.015460
1.743000	-0.015828
1.744000	-0.016193
1.745000	-0.016553
1.746000	-0.016911
1.747000	-0.017264
1.748000	-0.017614
1.749000	-0.017961
1.750000	-0.018303
1.751000	-0.018642
1.752000	-0.018978
1.753000	-0.019310
1.754000	-0.019638
1.755000	-0.019963
1.756000	-0.020284
1.757000	-0.020601
1.758000	-0.020915
1.759000	-0.021225
1.760000	-0.021531
1.761000	-0.021834
1.762000	-0.022133
1.763000	-0.022428
1.764000	-0.022720
1.765000	-0.023008
1.766000	-0.023292
1.767000	-0.023572
1.768000	-0.023849
1.769000	-0.024122
1.770000	-0.024391
1.771000	-0.024657
1.772000	-0.024919
1.773000	-0.025177
1.774000	-0.025431
1.775000	-0.025682
1.776000	-0.025929
1.777000	-0.026172
1.778000	-0.026411
1.779000	-0.026647
1.780000	-0.026879
1.781000	-0.027107
1.782000	-0.027331
1.783000	-0.027551
1.784000	-0.027768
1.785000	-0.027981
1.786000	-0.028190
1.787000	-0.028396
1.788000	-0.028597
1.789000	-0.028795
1.790000	-0.028989
1.791000	-0.029179
1.792000	-0.029366
1.793000	-0.029549
1.794000	-0.029728
1.795000	-0.029903
1.796000	-0.030074
1.797000	-0.030242
1.798000	-0.030405
1.799000	-0.030565
1.800000	-0.030722
1.801000	-0.030874
1.802000	-0.031023
1.803000	-0.031168
1.804000	-0.031309
1.805000	-0.031446
1.806000	-0.031580
1.807000	-0.031710
1.808000	-0.031836
1.809000	-0.031958
1.810000	-0.032076
1.811000	-0.032191
1.812000	-0.032302
1.813000	-0.032410
1.814000	-0.032513
1.815000	-0.032613
1.816000	-0.032709
1.817000	-0.032801
1.818000	-0.032890
1.819000	-0.032975
1.820000	-0.033056
1.821000	-0.033133
1.822000	-0.033207
1.823000	-0.033277
1.824000	-0.033343
1.825000	-0.033406
1.826000	-0.033465
1.827000	-0.033520
1.828000	-0.033572
1.829000	-0.033620
1.830000	-0.033664
1.831000	-0.033705
1.832000	-0.033742
1.833000	-0.033775
1.834000	-0.033805
1.835000	-0.033831
1.836000	-0.033854
1.837000	-0.033873
1.838000	-0.033888
1.839000	-0.033900
1.840000	-0.033908
1.841000	-0.033912
1.842000	-0.033914
1.843000	-0.033911
1.844000	-0.033905
1.845000	-0.033896
1.846000	-0.033883
1.847000	-0.033866
1.848000	-0.033846
1.849000	-0.033823
1.850000	-0.033796
1.851000	-0.033765
1.852000	-0.033731
1.853000	-0.033694
1.854000	-0.033653
1.855000	-0.033609
1.856000	-0.033562
1.857000	-0.033511
1.858000	-0.033457
1.859000	-0.033399
1.860000	-0.033338
1.861000	-0.033274
1.862000	-0.033207
1.863000	-0.033136
1.864000	-0.033062
1.865000	-0.032984
1.866000	-0.032904
1.867000	-0.032820
1.868000	-0.032733
1.869000	-0.032642
1.870000	-0.032549
1.871000	-0.032452
1.872000	-0.032353
1.873000	-0.032250
1.874000	-0.032144
1.875000	-0.032034
1.876000	-0.031922
1.877000	-0.031807
1.878000	-0.031688
1.879000	-0.031567
1.880000	-0.031442
1.881000	-0.031315
1.882000	-0.031185
1.883000	-0.031051
1.884000	-0.030915
1.885000	-0.030776
1.886000	-0.030633
1.887000	-0.030488
1.888000	-0.030340
1.889000	-0.030190
1.890000	-0.030036
1.891000	-0.029880
1.892000	-0.029720
1.893000	-0.029558
1.894000	-0.029394
1.895000	-0.029226
1.896000	-0.029056
1.897000	-0.028883
1.898000	-0.028707
1.899000	-0.028529
1.900000	-0.028348
1.901000	-0.028165
1.902000	-0.027979
1.903000	-0.027790
1.904000	-0.027599
1.905000	-0.027406
1.906000	-0.027209
1.907000	-0.027011
1.908000	-0.026810
1.909000	-0.026606
1.910000	-0.026400
1.911000	-0.026192
1.912000	-0.025982
1.913000	-0.025769
1.914000	-0.025553
1.915000	-0.025336
1.916000	-0.025116
1.917000	-0.024894
1.918000	-0.024670
1.919000	-0.024443
1.920000	-0.024215
1.921000	-0.023984
1.922000	-0.023751
1.923000	-0.023516
1.924000	-0.023279
1.925000	-0.023040
1.926000	-0.022799
1.927000	-0.022556
1.928000	-0.022311
1.929000	-0.022064
1.930000	-0.021815
1.931000	-0.021565
1.932000	-0.021312
1.933000	-0.021057
1.934000	-0.020801
1.935000	-0.020543
1.936000	-0.020283
1.937000	-0.020022
1.938000	-0.019759
1.939000	-0.019494
1.940000	-0.019227
1.941000	-0.018959
1.942000	-0.018689
1.943000	-0.018418
1.944000	-0.018145
1.945000	-0.017871
1.946000	-0.017595
1.947000	-0.017317
1.948000	-0.017038
1.949000	-0.016758
1.950000	-0.016477
1.951000	-0.016194
1.952000	-0.015910
1.953000	-0.015624
1.954000	-0.015337
1.955000	-0.015049
1.956000	-0.014760
1.957000	-0.014469
1.958000	-0.014178
1.959000	-0.013885
1.960000	-0.013591
1.961000	-0.013297
1.962000	-0.013001
1.963000	-0.012704
1.964000	-0.012406
1.965000	-0.012107
1.966000	-0.011807
1.967000	-0.011506
1.968000	-0.011205
1.969000	-0.010902
1.970000	-0.010599
1.971000	-0.010295
1.972000	-0.009990
1.973000	-0.009685
1.974000	-0.009379
1.975000	-0.009072
1.976000	-0.008764
1.977000	-0.008456
1.978000	-0.008147
1.979000	-0.007838
1.980000	-0.007528
1.981000	-0.007218
1.982000	-0.006907
1.983000	-0.006596
1.984000	-0.006285
1.985000	-0.005973
1.986000	-0.005660
1.987000	-0.005348
1.988000	-0.005035
1.989000	-0.004722
1.990000	-0.004408
1.991000	-0.004094
1.992000	-0.003781
1.993000	-0.003467
1.994000	-0.003153
1.995000	-0.002838
1.996000	-0.002524
1.997000	-0.002210
1.998000	-0.001895
1.999000	-0.001581
2.000000	-0.001267
2.001000	-0.000953
2.002000	-0.000639
2.003000	-0.000325
2.004000	-0.000011
2.005000	0.000302
2.006000	0.000616
2.007000	0.000929
2.008000	0.001241
2.009000	0.001554
2.010000	0.001866
2.011000	0.002178
2.012000	0.002489
2.013000	0.002800
2.014000	0.003111
2.015000	0.003421
2.016000	0.003731
2.017000	0.004040
2.018000	0.004348
2.019000	0.004656
2.020000	0.004963
2.021000	0.005270
2.022000	0.005576
2.023000	0.005881
2.024000	0.006186
2.025000	0.006489
2.026000	0.006792
2.027000	0.007095
2.028000	0.007396
2.029000	0.007696
2.030000	0.007996
2.031000	0.008295
2.032000	0.008593
2.033000	0.008890
2.034000	0.009186
2.035000	0.009480
2.036000	0.009774
2.037000	0.010067
2.038000	0.010359
2.039000	0.010649
2.040000	0.010939
2.041000	0.011227
2.042000	0.011514
2.043000	0.011799
2.044000	0.012084
2.045000	0.012367
2.046000	0.012649
2.047000	0.012929
2.048000	0.013208
2.049000	0.013486
2.050000	0.013763
2.051000	0.014038
2.052000	0.014311
2.053000	0.014584
2.054000	0.014854
2.055000	0.015123
2.056000	0.015391
2.057000	0.015657
2.058000	0.015922
2.059000	0.016185
2.060000	0.016446
2.061000	0.016705
2.062000	0.016963
2.063000	0.017219
2.064000	0.017473
2.065000	0.017726
2.066000	0.017976
2.067000	0.018225
2.068000	0.018472
2.069000	0.018717
2.070000	0.018961
2.071000	0.019202
2.072000	0.019442
2.073000	0.019680
2.074000	0.019915
2.075000	0.020149
2.076000	0.020381
2.077000	0.020611
2.078000	0.020839
2.079000	0.021065
2.080000	0.021289
2.081000	0.021510
2.082000	0.021730
2.083000	0.021947
2.084000	0.022162
2.085000	0.022374
2.086000	0.022585
2.087000	0.022793
2.088000	0.022999
2.089000	0.023202
2.090000	0.023404
2.091000	0.023603
2.092000	0.023800
2.093000	0.023995
2.094000	0.024187
2.095000	0.024377
2.096000	0.024565
2.097000	0.024750
2.098000	0.024933
2.099000	0.025114
2.100000	0.025292
2.101000	0.025467
2.102000	0.025640
2.103000	0.025810
2.104000	0.025978
2.105000	0.026143
2.106000	0.026305
2.107000	0.026465
2.108000	0.026622
2.109000	0.026776
2.110000	0.026928
2.111000	0.027078
2.112000	0.027224
2.113000	0.027368
2.114000	0.027510
2.115000	0.027649
2.116000	0.027785
2.117000	0.027919
2.118000	0.028049
2.119000	0.028177
2.120000	0.028302
2.121000	0.028425
2.122000	0.028544
2.123000	0.028661
2.124000	0.028774
2.125000	0.028885
2.126000	0.028993
2.127000	0.029097
2.128000	0.029199
2.129000	0.029298
2.130000	0.029394
2.131000	0.029487
2.132000	0.029578
2.133000	0.029665
2.134000	0.029750
2.135000	0.029831
2.136000	0.029910
2.137000	0.029986
2.138000	0.030058
2.139000	0.030128
2.140000	0.030194
2.141000	0.030258
2.142000	0.030318
2.143000	0.030375
2.144000	0.030429
2.145000	0.030480
2.146000	0.030528
2.147000	0.030573
2.148000	0.030615
2.149000	0.030653
2.150000	0.030688
2.151000	0.030720
2.152000	0.030749
2.153000	0.030775
2.154000	0.030798
2.155000	0.030818
2.156000	0.030834
2.157000	0.030847
2.158000	0.030857
2.159000	0.030864
2.160000	0.030868
2.161000	0.030868
2.162000	0.030865
2.163000	0.030859
2.164000	0.030849
2.165000	0.030837
2.166000	0.030821
2.167000	0.030801
2.168000	0.030779
2.169000	0.030753
2.170000	0.030723
2.171000	0.030691
2.172000	0.030655
2.173000	0.030616
2.174000	0.030574
2.175000	0.030528
2.176000	0.030479
2.177000	0.030426
2.178000	0.030371
2.179000	0.030312
2.180000	0.030249
2.181000	0.030184
2.182000	0.030114
2.183000	0.030042
2.184000	0.029966
2.185000	0.029887
2.186000	0.029804
2.187000	0.029718
2.188000	0.029629
2.189000	0.029536
2.190000	0.029440
2.191000	0.029340
2.192000	0.029237
2.193000	0.029131
2.194000	0.029021
2.195000	0.028908
2.196000	0.028792
2.197000	0.028672
2.198000	0.028549
2.199000	0.028422
2.200000	0.028292
2.201000	0.028158
2.202000	0.028021
2.203000	0.027881
2.204000	0.027737
2.205000	0.027590
2.206000	0.027440
2.207000	0.027286
2.208000	0.027128
2.209000	0.026967
2.210000	0.026803
2.211000	0.026635
2.212000	0.026464
2.213000	0.026290
2.214000	0.026112
2.215000	0.025931
2.216000	0.025746
2.217000	0.025558
2.218000	0.025366
2.219000	0.025171
2.220000	0.024973
2.221000	0.024771
2.222000	0.024566
2.223000	0.024358
2.224000	0.024146
2.225000	0.023930
2.226000	0.023712
2.227000	0.023489
2.228000	0.023264
2.229000	0.023035
2.230000	0.022803
2.231000	0.022567
2.232000	0.022328
2.233000	0.022085
2.234000	0.021840
2.235000	0.021590
2.236000	0.021338
2.237000	0.021082
2.238000	0.020823
2.239000	0.020560
2.240000	0.020294
2.241000	0.020025
2.242000	0.019752
2.243000	0.019476
2.244000	0.019197
2.245000	0.018914
2.246000	0.018628
2.247000	0.018338
2.248000	0.018046
2.249000	0.017750
2.250000	0.017450
2.251000	0.017148
2.252000	0.016842
2.253000	0.016533
2.254000	0.016220
2.255000	0.015905
2.256000	0.015585
2.257000	0.015263
2.258000	0.014938
2.259000	0.014609
2.260000	0.014277
2.261000	0.013941
2.262000	0.013603
2.263000	0.013261
2.264000	0.012916
2.265000	0.012568
2.266000	0.012216
2.267000	0.011861
2.268000	0.011504
2.269000	0.011142
2.270000	0.010778
2.271000	0.010411
2.272000	0.010040
2.273000	0.009666
2.274000	0.009289
2.275000	0.008909
2.276000	0.008526
2.277000	0.008140
2.278000	0.007750
2.279000	0.007358
2.280000	0.006962
2.281000	0.006563
2.282000	0.006161
2.283000	0.005756
2.284000	0.005348
2.285000	0.004937
2.286000	0.004523
2.287000	0.004105
2.288000	0.003685
2.289000	0.003262
2.290000	0.002835
2.291000	0.002406
2.292000	0.001973
2.293000	0.001538
2.294000	0.001100
2.295000	0.000658
2.296000	0.000214
2.297000	-0.000233
2.298000	-0.000684
2.299000	-0.001137
2.300000	-0.001593
2.301000	-0.002052
2.302000	-0.002514
2.303000	-0.002979
2.304000	-0.003447
2.305000	-0.003917
2.306000	-0.004391
2.307000	-0.004867
2.308000	-0.005347
2.309000	-0.005829
2.310000	-0.006314
2.311000	-0.006802
2.312000	-0.007292
2.313000	-0.007786
2.314000	-0.008282
2.315000	-0.008781
2.316000	-0.009282
2.317000	-0.009787
2.318000	-0.010294
2.319000	-0.010804
2.320000	-0.011317
2.321000	-0.011832
2.322000	-0.012351
2.323000	-0.012871
2.324000	-0.013395
2.325000	-0.013921
2.326000	-0.014450
2.327000	-0.014982
2.328000	-0.015516
2.329000	-0.016052
2.330000	-0.016592
2.331000	-0.017134
2.332000	-0.017678
2.333000	-0.018226
2.334000	-0.018775
2.335000	-0.019328
2.336000	-0.019883
2.337000	-0.020440
2.338000	-0.021000
2.339000	-0.021562
2.340000	-0.022127
2.341000	-0.022695
2.342000	-0.023265
2.343000	-0.023837
2.344000	-0.024412
2.345000	-0.024989
2.346000	-0.025569
2.347000	-0.026151
2.348000	-0.026735
2.349000	-0.027322
2.350000	-0.027912
2.351000	-0.028503
2.352000	-0.029097
2.353000	-0.029694
2.354000	-0.030292
2.355000	-0.030893
2.356000	-0.031497
2.357000	-0.032102
2.358000	-0.032710
2.359000	-0.033320
2.360000	-0.033933
2.361000	-0.034547
2.362000	-0.035164
2.363000	-0.035783
2.364000	-0.036404
2.365000	-0.037028
2.366000	-0.037654
2.367000	-0.038281
2.368000	-0.038911
2.369000	-0.039544
2.370000	-0.040178
2.371000	-0.040814
2.372000	-0.041453
2.373000	-0.042093
2.374000	-0.042736
2.375000	-0.043380
2.376000	-0.044027
2.377000	-0.044676
2.378000	-0.045327
2.379000	-0.045980
2.380000	-0.046634
2.381000	-0.047291
2.382000	-0.047950
2.383000	-0.048611
2.384000	-0.049273
2.385000	-0.049938
2.386000	-0.050604
2.387000	-0.051273
2.388000	-0.051943
2.389000	-0.052615
2.390000	-0.053289
2.391000	-0.053965
2.392000	-0.054643
2.393000	-0.055323
2.394000	-0.056004
2.395000	-0.056687
2.396000	-0.057372
2.397000	-0.058059
2.398000	-0.058747
2.399000	-0.059437
2.400000	-0.060129
2.401000	-0.060823
2.402000	-0.061518
2.403000	-0.062216
2.404000	-0.062914
2.405000	-0.063615
2.406000	-0.064317
2.407000	-0.065020
2.408000	-0.065726
2.409000	-0.066433
2.410000	-0.067141
2.411000	-0.067851
2.412000	-0.068563
2.413000	-0.069276
2.414000	-0.069991
2.415000	-0.070707
2.416000	-0.071425
2.417000	-0.072145
2.418000	-0.072865
2.419000	-0.073588
2.420000	-0.074311
2.421000	-0.075037
2.422000	-0.075763
2.423000	-0.076491
2.424000	-0.077221
2.425000	-0.077952
2.426000	-0.078684
2.427000	-0.079418
2.428000	-0.080153
2.429000	-0.080889
2.430000	-0.081627
2.431000	-0.082366
2.432000	-0.083106
2.433000	-0.083847
2.434000	-0.084590
2.435000	-0.085334
2.436000	-0.086080
2.437000	-0.086826
2.438000	-0.087574
2.439000	-0.088323
2.440000	-0.089073
2.441000	-0.089824
2.442000	-0.090577
2.443000	-0.091331
2.444000	-0.092086
2.445000	-0.092841
2.446000	-0.093599
2.447000	-0.094357
2.448000	-0.095116
2.449000	-0.095876
2.450000	-0.096638
2.451000	-0.097400
2.452000	-0.098164
2.453000	-0.098928
2.454000	-0.099694
2.455000	-0.100460
2.456000	-0.101227
2.457000	-0.101996
2.458000	-0.102765
2.459000	-0.103536
2.460000	-0.104307
2.461000	-0.105079
2.462000	-0.105852
2.463000	-0.106626
2.464000	-0.107401
2.465000	-0.108177
2.466000	-0.108953
2.467000	-0.109731
2.468000	-0.110509
2.469000	-0.111288
2.470000	-0.112068
2.471000	-0.112848
2.472000	-0.113629
2.473000	-0.114412
2.474000	-0.115194
2.475000	-0.115978
2.476000	-0.116762
2.477000	-0.117547
2.478000	-0.118333
2.479000	-0.119119
2.480000	-0.119907
2.481000	-0.120694
2.482000	-0.121483
2.483000	-0.122272
2.484000	-0.123061
2.485000	-0.123851
2.486000	-0.124642
2.487000	-0.125434
2.488000	-0.126226
2.489000	-0.127018
2.490000	-0.127811
2.491000	-0.128605
2.492000	-0.129399
2.493000	-0.130193
2.494000	-0.130988
2.495000	-0.131784
2.496000	-0.132580
2.497000	-0.133376
2.498000	-0.134173
2.499000	-0.134971
2.500000	-0.135768
2.501000	-0.136566
2.502000	-0.137365
2.503000	-0.138164
2.504000	-0.138963
2.505000	-0.139763
2.506000	-0.140563
2.507000	-0.141363
2.508000	-0.142164
2.509000	-0.142964
2.510000	-0.143766
2.511000	-0.144567
2.512000	-0.145369
2.513000	-0.146171
2.514000	-0.146973
2.515000	-0.147776
2.516000	-0.148578
2.517000	-0.149381
2.518000	-0.150184
2.519000	-0.150988
2.520000	-0.151791
2.521000	-0.152595
2.522000	-0.153398
2.523000	-0.154202
2.524000	-0.155006
2.525000	-0.155810
2.526000	-0.156615
2.527000	-0.157419
2.528000	-0.158223
2.529000	-0.159028
2.530000	-0.159832
2.531000	-0.160637
2.532000	-0.161442
2.533000	-0.162246
2.534000	-0.163051
2.535000	-0.163855
2.536000	-0.164660
2.537000	-0.165465
2.538000	-0.166269
2.539000	-0.167073
2.540000	-0.167878
2.541000	-0.168682
2.542000	-0.169486
2.543000	-0.170291
2.544000	-0.171095
2.545000	-0.171899
2.546000	-0.172702
2.547000	-0.173506
2.548000	-0.174310
2.549000	-0.175113
2.550000	-0.175916
2.551000	-0.176719
2.552000	-0.177522
2.553000	-0.178324
2.554000	-0.179127
2.555000	-0.179929
2.556000	-0.180731
2.557000	-0.181532
2.558000	-0.182334
2.559000	-0.183135
2.560000	-0.183936
2.561000	-0.184736
2.562000	-0.185536
2.563000	-0.186336
2.564000	-0.187136
2.565000	-0.187935
2.566000	-0.188734
2.567000	-0.189532
2.568000	-0.190331
2.569000	-0.191128
2.570000	-0.191926
2.571000	-0.192723
2.572000	-0.193519
2.573000	-0.194315
2.574000	-0.195111
2.575000	-0.195906
2.576000	-0.196701
2.577000	-0.197496
2.578000	-0.198289
2.579000	-0.199083
2.580000	-0.199876
2.581000	-0.200668
2.582000	-0.201460
2.583000	-0.202251
2.584000	-0.203042
2.585000	-0.203833
2.586000	-0.204622
2.587000	-0.205411
2.588000	-0.206200
2.589000	-0.206988
2.590000	-0.207775
2.591000	-0.208562
2.592000	-0.209348
2.593000	-0.210134
2.594000	-0.210919
2.595000	-0.211703
2.596000	-0.212487
2.597000	-0.213270
2.598000	-0.214052
2.599000	-0.214834
2.600000	-0.215615
2.601000	-0.216395
2.602000	-0.217174
2.603000	-0.217953
2.604000	-0.218731
2.605000	-0.219508
2.606000	-0.220285
2.607000	-0.221061
2.608000	-0.221836
2.609000	-0.222610
2.610000	-0.223384
2.611000	-0.224156
2.612000	-0.224928
2.613000	-0.225699
2.614000	-0.226470
2.615000	-0.227239
2.616000	-0.228007
2.617000	-0.228775
2.618000	-0.229542
2.619000	-0.230308
2.620000	-0.231073
2.621000	-0.231837
2.622000	-0.232601
2.623000	-0.233363
2.624000	-0.234125
2.625000	-0.234885
2.626000	-0.235645
2.627000	-0.236404
2.628000	-0.237161
2.629000	-0.237918
2.630000	-0.238674
2.631000	-0.239429
2.632000	-0.240183
2.633000	-0.240936
2.634000	-0.241687
2.635000	-0.242438
2.636000	-0.243188
2.637000	-0.243937
2.638000	-0.244685
2.639000	-0.245432
2.640000	-0.246177
2.641000	-0.246922
2.642000	-0.247666
2.643000	-0.248408
2.644000	-0.249149
2.645000	-0.249890
2.646000	-0.250629
2.647000	-0.251367
2.648000	-0.252104
2.649000	-0.252840
2.650000	-0.253575
2.651000	-0.254308
2.652000	-0.255041
2.653000	-0.255772
2.654000	-0.256502
2.655000	-0.257231
2.656000	-0.257959
2.657000	-0.258685
2.658000	-0.259411
2.659000	-0.260135
2.660000	-0.260858
2.661000	-0.261580
2.662000	-0.262300
2.663000	-0.263020
2.664000	-0.263738
2.665000	-0.264454
2.666000	-0.265170
2.667000	-0.265884
2.668000	-0.266597
2.669000	-0.267309
2.670000	-0.268019
2.671000	-0.268728
2.672000	-0.269436
2.673000	-0.270143
2.674000	-0.270848
2.675000	-0.271552
2.676000	-0.272254
2.677000	-0.272955
2.678000	-0.273655
2.679000	-0.274354
2.680000	-0.275051
2.681000	-0.275747
2.682000	-0.276441
2.683000	-0.277134
2.684000	-0.277826
2.685000	-0.278516
2.686000	-0.279204
2.687000	-0.279892
2.688000	-0.280578
2.689000	-0.281262
2.690000	-0.281945
2.691000	-0.282627
2.692000	-0.283307
2.693000	-0.283986
2.694000	-0.284663
2.695000	-0.285339
2.696000	-0.286014
2.697000	-0.286686
2.698000	-0.287358
2.699000	-0.288028
2.700000	-0.288696
2.701000	-0.289363
2.702000	-0.290028
2.703000	-0.290692
2.704000	-0.291355
2.705000	-0.292015
2.706000	-0.292675
2.707000	-0.293332
2.708000	-0.293988
2.709000	-0.294643
2.710000	-0.295296
2.711000	-0.295948
2.712000	-0.296597
2.713000	-0.297246
2.714000	-0.297892
2.715000	-0.298538
2.716000	-0.299181
2.717000	-0.299823
2.718000	-0.300463
2.719000	-0.301102
2.720000	-0.301739
2.721000	-0.302374
2.722000	-0.303008
2.723000	-0.303640
2.724000	-0.304271
2.725000	-0.304899
2.726000	-0.305527
2.727000	-0.306152
2.728000	-0.306776
2.729000	-0.307398
2.730000	-0.308018
2.731000	-0.308637
2.732000	-0.309254
2.733000	-0.309869
2.734000	-0.310483
2.735000	-0.311095
2.736000	-0.311705
2.737000	-0.312314
2.738000	-0.312920
2.739000	-0.313525
2.740000	-0.314128
2.741000	-0.314730
2.742000	-0.315330
2.743000	-0.315928
2.744000	-0.316524
2.745000	-0.317118
2.746000	-0.317711
2.747000	-0.318302
2.748000	-0.318891
2.749000	-0.319478
2.750000	-0.320064
2.751000	-0.320647
2.752000	-0.321229
2.753000	-0.321809
2.754000	-0.322387
2.755000	-0.322964
2.756000	-0.323538
2.757000	-0.324111
2.758000	-0.324682
2.759000	-0.325251
2.760000	-0.325818
2.761000	-0.326384
2.762000	-0.326947
2.763000	-0.327509
2.764000	-0.328069
2.765000	-0.328626
2.766000	-0.329182
2.767000	-0.329737
2.768000	-0.330289
2.769000	-0.330839
2.770000	-0.331388
2.771000	-0.331934
2.772000	-0.332479
2.773000	-0.333021
2.774000	-0.333562
2.775000	-0.334101
2.776000	-0.334638
2.777000	-0.335173
2.778000	-0.335706
2.779000	-0.336237
2.780000	-0.336766
2.781000	-0.337293
2.782000	-0.337819
2.783000	-0.338342
2.784000	-0.338863
2.785000	-0.339383
2.786000	-0.339900
2.787000	-0.340416
2.788000	-0.340929
2.789000	-0.341440
2.790000	-0.341950
2.791000	-0.342457
2.792000	-0.342963
2.793000	-0.343466
2.794000	-0.343968
2.795000	-0.344467
2.796000	-0.344964
2.797000	-0.345460
2.798000	-0.345953
2.799000	-0.346444
2.800000	-0.346934
2.801000	-0.347421
2.802000	-0.347906
2.803000	-0.348389
2.804000	-0.348870
2.805000	-0.349350
2.806000	-0.349827
2.807000	-0.350301
2.808000	-0.350774
2.809000	-0.351245
2.810000	-0.351714
2.811000	-0.352181
2.812000	-0.352645
2.813000	-0.353108
2.814000	-0.353568
2.815000	-0.354026
2.816000	-0.354482
2.817000	-0.354937
2.818000	-0.355389
2.819000	-0.355838
2.820000	-0.356286
2.821000	-0.356732
2.822000	-0.357175
2.823000	-0.357617
2.824000	-0.358056
2.825000	-0.358493
2.826000	-0.358928
2.827000	-0.359361
2.828000	-0.359792
2.829000	-0.360220
2.830000	-0.360647
2.831000	-0.361071
2.832000	-0.361493
2.833000	-0.361913
2.834000	-0.362331
2.835000	-0.362747
2.836000	-0.363160
2.837000	-0.363572
2.838000	-0.363981
2.839000	-0.364388
2.840000	-0.364792
2.841000	-0.365195
2.842000	-0.365595
2.843000	-0.365994
2.844000	-0.366390
2.845000	-0.366783
2.846000	-0.367175
2.847000	-0.367564
2.848000	-0.367952
2.849000	-0.368337
2.850000	-0.368719
2.851000	-0.369100
2.852000	-0.369478
2.853000	-0.369854
2.854000	-0.370228
2.855000	-0.370600
2.856000	-0.370969
2.857000	-0.371337
2.858000	-0.371702
2.859000	-0.372064
2.860000	-0.372425
2.861000	-0.372783
2.862000	-0.373139
2.863000	-0.373493
2.864000	-0.373844
2.865000	-0.374193
2.866000	-0.374540
2.867000	-0.374885
2.868000	-0.375228
2.869000	-0.375568
2.870000	-0.375906
2.871000	-0.376241
2.872000	-0.376575
2.873000	-0.376906
2.874000	-0.377234
2.875000	-0.377561
2.876000	-0.377885
2.877000	-0.378207
2.878000	-0.378527
2.879000	-0.378844
2.880000	-0.379159
2.881000	-0.379472
2.882000	-0.379782
2.883000	-0.380091
2.884000	-0.380396
2.885000	-0.380700
2.886000	-0.381001
2.887000	-0.381300
2.888000	-0.381597
2.889000	-0.381891
2.890000	-0.382183
2.891000	-0.382472
2.892000	-0.382760
2.893000	-0.383045
2.894000	-0.383327
2.895000	-0.383608
2.896000	-0.383886
2.897000	-0.384161
2.898000	-0.384435
2.899000	-0.384706
2.900000	-0.384974
2.901000	-0.385241
2.902000	-0.385504
2.903000	-0.385766
2.904000	-0.386025
2.905000	-0.386282
2.906000	-0.386537
2.907000	-0.386789
2.908000	-0.387039
2.909000	-0.387286
2.910000	-0.387531
2.911000	-0.387774
2.912000	-0.388014
2.913000	-0.388252
2.914000	-0.388488
2.915000	-0.388721
2.916000	-0.388952
2.917000	-0.389181
2.918000	-0.389407
2.919000	-0.389631
2.920000	-0.389852
2.921000	-0.390071
2.922000	-0.390288
2.923000	-0.390502
2.924000	-0.390714
2.925000	-0.390923
2.926000	-0.391130
2.927000	-0.391335
2.928000	-0.391537
2.929000	-0.391737
2.930000	-0.391935
2.931000	-0.392130
2.932000	-0.392322
2.933000	-0.392513
2.934000	-0.392700
2.935000	-0.392886
2.936000	-0.393069
2.937000	-0.393250
2.938000	-0.393428
2.939000	-0.393604
2.940000	-0.393777
2.941000	-0.393948
2.942000	-0.394117
2.943000	-0.394283
2.944000	-0.394447
2.945000	-0.394608
2.946000	-0.394767
2.947000	-0.394924
2.948000	-0.395078
2.949000	-0.395230
2.950000	-0.395379
2.951000	-0.395526
2.952000	-0.395670
2.953000	-0.395812
2.954000	-0.395952
2.955000	-0.396089
2.956000	-0.396224
2.957000	-0.396356
2.958000	-0.396486
2.959000	-0.396613
2.960000	-0.396738
2.961000	-0.396861
2.962000	-0.396981
2.963000	-0.397098
2.964000	-0.397214
2.965000	-0.397326
2.966000	-0.397437
2.967000	-0.397545
2.968000	-0.397650
2.969000	-0.397753
2.970000	-0.397854
2.971000	-0.397952
2.972000	-0.398048
2.973000	-0.398141
2.974000	-0.398232
2.975000	-0.398320
2.976000	-0.398406
2.977000	-0.398489
2.978000	-0.398570
2.979000	-0.398649
2.980000	-0.398725
2.981000	-0.398799
2.982000	-0.398870
2.983000	-0.398939
2.984000	-0.399005
2.985000	-0.399069
2.986000	-0.399130
2.987000	-0.399189
2.988000	-0.399246
2.989000	-0.399300
2.990000	-0.399351
2.991000	-0.399400
2.992000	-0.399447
2.993000	-0.399491
2.994000	-0.399533
2.995000	-0.399572
2.996000	-0.399609
2.997000	-0.399643
2.998000	-0.399675
2.999000	-0.399705
3.000000	-0.399732
3.001000	-0.399756
3.002000	-0.399778
3.003000	-0.399798
3.004000	-0.399815
3.005000	-0.399830
3.006000	-0.399842
3.007000	-0.399852
3.008000	-0.399859
3.009000	-0.399864
3.010000	-0.399866
3.011000	-0.399866
3.012000	-0.399863
3.013000	-0.399858
3.014000	-0.399851
3.015000	-0.399841
3.016000	-0.399828
3.017000	-0.399814
3.018000	-0.399796
3.019000	-0.399776
3.020000	-0.399754
3.021000	-0.399729
3.022000	-0.399702
3.023000	-0.399673
3.024000	-0.399640
3.025000	-0.399606
3.026000	-0.399569
3.027000	-0.399529
3.028000	-0.399487
3.029000	-0.399443
3.030000	-0.399396
3.031000	-0.399347
3.032000	-0.399295
3.033000	-0.399240
3.034000	-0.399184
3.035000	-0.399124
3.036000	-0.399063
3.037000	-0.398999
3.038000	-0.398932
3.039000	-0.398863
3.040000	-0.398791
3.041000	-0.398717
3.042000	-0.398641
3.043000	-0.398562
3.044000	-0.398481
3.045000	-0.398397
3.046000	-0.398311
3.047000	-0.398222
3.048000	-0.398131
3.049000	-0.398037
3.050000	-0.397941
3.051000	-0.397843
3.052000	-0.397742
3.053000	-0.397638
3.054000	-0.397532
3.055000	-0.397424
3.056000	-0.397313
3.057000	-0.397200
3.058000	-0.397084
3.059000	-0.396966
3.060000	-0.396845
3.061000	-0.396722
3.062000	-0.396597
3.063000	-0.396469
3.064000	-0.396338
3.065000	-0.396206
3.066000	-0.396070
3.067000	-0.395933
3.068000	-0.395792
3.069000	-0.395650
3.070000	-0.395505
3.071000	-0.395357
3.072000	-0.395207
3.073000	-0.395055
3.074000	-0.394900
3.075000	-0.394743
3.076000	-0.394583
3.077000	-0.394421
3.078000	-0.394256
3.079000	-0.394089
3.080000	-0.393920
3.081000	-0.393748
3.082000	-0.393574
3.083000	-0.393397
3.084000	-0.393218
3.085000	-0.393037
3.086000	-0.392853
3.087000	-0.392666
3.088000	-0.392477
3.089000	-0.392286
3.090000	-0.392093
3.091000	-0.391896
3.092000	-0.391698
3.093000	-0.391497
3.094000	-0.391294
3.095000	-0.391088
3.096000	-0.390880
3.097000	-0.390669
3.098000	-0.390456
3.099000	-0.390241
3.100000	-0.390023
3.101000	-0.389803
3.102000	-0.389580
3.103000	-0.389355
3.104000	-0.389128
3.105000	-0.388898
3.106000	-0.388666
3.107000	-0.388431
3.108000	-0.388194
3.109000	-0.387955
3.110000	-0.387713
3.111000	-0.387469
3.112000	-0.387223
3.113000	-0.386974
3.114000	-0.386722
3.115000	-0.386469
3.116000	-0.386212
3.117000	-0.385954
3.118000	-0.385693
3.119000	-0.385430
3.120000	-0.385164
3.121000	-0.384896
3.122000	-0.384626
3.123000	-0.384353
3.124000	-0.384078
3.125000	-0.383801
3.126000	-0.383521
3.127000	-0.383239
3.128000	-0.382954
3.129000	-0.382668
3.130000	-0.382378
3.131000	-0.382087
3.132000	-0.381793
3.133000	-0.381497
3.134000	-0.381198
3.135000	-0.380897
3.136000	-0.380594
3.137000	-0.380288
3.138000	-0.379980
3.139000	-0.379670
3.140000	-0.379357
3.141000	-0.379042
3.142000	-0.378725
3.143000	-0.378405
3.144000	-0.378083
3.145000	-0.377759
3.146000	-0.377432
3.147000	-0.377103
3.148000	-0.376772
3.149000	-0.376438
3.150000	-0.376102
3.151000	-0.375764
3.152000	-0.375423
3.153000	-0.375081
3.154000	-0.374736
3.155000	-0.374388
3.156000	-0.374038
3.157000	-0.373686
3.158000	-0.373332
3.159000	-0.372975
3.160000	-0.372616
3.161000	-0.372255
3.162000	-0.371892
3.163000	-0.371526
3.164000	-0.371158
3.165000	-0.370788
3.166000	-0.370415
3.167000	-0.370040
3.168000	-0.369663
3.169000	-0.369284
3.170000	-0.368902
3.171000	-0.368518
3.172000	-0.368132
3.173000	-0.367744
3.174000	-0.367353
3.175000	-0.366960
3.176000	-0.366565
3.177000	-0.366168
3.178000	-0.365768
3.179000	-0.365366
3.180000	-0.364962
3.181000	-0.364556
3.182000	-0.364147
3.183000	-0.363736
3.184000	-0.363323
3.185000	-0.362908
3.186000	-0.362491
3.187000	-0.362071
3.188000	-0.361649
3.189000	-0.361225
3.190000	-0.360799
3.191000	-0.360370
3.192000	-0.359940
3.193000	-0.359507
3.194000	-0.359072
3.195000	-0.358635
3.196000	-0.358195
3.197000	-0.357754
3.198000	-0.357310
3.199000	-0.356864
3.200000	-0.356416
3.201000	-0.355965
3.202000	-0.355513
3.203000	-0.355058
3.204000	-0.354602
3.205000	-0.354143
3.206000	-0.353682
3.207000	-0.353218
3.208000	-0.352753
3.209000	-0.352285
3.210000	-0.351816
3.211000	-0.351344
3.212000	-0.350870
3.213000	-0.350394
3.214000	-0.349916
3.215000	-0.349436
3.216000	-0.348953
3.217000	-0.348469
3.218000	-0.347982
3.219000	-0.347494
3.220000	-0.347003
3.221000	-0.346510
3.222000	-0.346015
3.223000	-0.345518
3.224000	-0.345019
3.225000	-0.344518
3.226000	-0.344014
3.227000	-0.343509
3.228000	-0.343001
3.229000	-0.342492
3.230000	-0.341980
3.231000	-0.341467
3.232000	-0.340951
3.233000	-0.340433
3.234000	-0.339913
3.235000	-0.339392
3.236000	-0.338868
3.237000	-0.338342
3.238000	-0.337814
3.239000	-0.337284
3.240000	-0.336752
3.241000	-0.336218
3.242000	-0.335682
3.243000	-0.335144
3.244000	-0.334604
3.245000	-0.334062
3.246000	-0.333518
3.247000	-0.332973
3.248000	-0.332425
3.249000	-0.331875
3.250000	-0.331323
3.251000	-0.330769
3.252000	-0.330213
3.253000	-0.329655
3.254000	-0.329096
3.255000	-0.328534
3.256000	-0.327970
3.257000	-0.327405
3.258000	-0.326837
3.259000	-0.326268
3.260000	-0.325696
3.261000	-0.325123
3.262000	-0.324548
3.263000	-0.323971
3.264000	-0.323392
3.265000	-0.322811
3.266000	-0.322228
3.267000	-0.321643
3.268000	-0.321057
3.269000	-0.320468
3.270000	-0.319878
3.271000	-0.319285
3.272000	-0.318691
3.273000	-0.318095
3.274000	-0.317497
3.275000	-0.316898
3.276000	-0.316296
3.277000	-0.315693
3.278000	-0.315088
3.279000	-0.314480
3.280000	-0.313872
3.281000	-0.313261
3.282000	-0.312648
3.283000	-0.312034
3.284000	-0.311418
3.285000	-0.310800
3.286000	-0.310180
3.287000	-0.309558
3.288000	-0.308935
3.289000	-0.308310
3.290000	-0.307683
3.291000	-0.307054
3.292000	-0.306424
3.293000	-0.305792
3.294000	-0.305158
3.295000	-0.304522
3.296000	-0.303885
3.297000	-0.303246
3.298000	-0.302605
3.299000	-0.301962
3.300000	-0.301318
3.301000	-0.300672
3.302000	-0.300024
3.303000	-0.299375
3.304000	-0.298724
3.305000	-0.298071
3.306000	-0.297416
3.307000	-0.296760
3.308000	-0.296102
3.309000	-0.295443
3.310000	-0.294782
3.311000	-0.294119
3.312000	-0.293454
3.313000	-0.292788
3.314000	-0.292120
3.315000	-0.291451
3.316000	-0.290780
3.317000	-0.290107
3.318000	-0.289433
3.319000	-0.288757
3.320000	-0.288080
3.321000	-0.287401
3.322000	-0.286720
3.323000	-0.286038
3.324000	-0.285355
3.325000	-0.284669
3.326000	-0.283982
3.327000	-0.283294
3.328000	-0.282604
3.329000	-0.281913
3.330000	-0.281220
3.331000	-0.280525
3.332000	-0.279829
3.333000	-0.279131
3.334000	-0.278432
3.335000	-0.277732
3.336000	-0.277030
3.337000	-0.276326
3.338000	-0.275621
3.339000	-0.274915
3.340000	-0.274207
3.341000	-0.273497
3.342000	-0.272787
3.343000	-0.272074
3.344000	-0.271361
3.345000	-0.270645
3.346000	-0.269929
3.347000	-0.269211
3.348000	-0.268491
3.349000	-0.267771
3.350000	-0.267048
3.351000	-0.266325
3.352000	-0.265600
3.353000	-0.264874
3.354000	-0.264146
3.355000	-0.263417
3.356000	-0.262687
3.357000	-0.261955
3.358000	-0.261222
3.359000	-0.260488
3.360000	-0.259752
3.361000	-0.259015
3.362000	-0.258277
3.363000	-0.257537
3.364000	-0.256796
3.365000	-0.256054
3.366000	-0.255311
3.367000	-0.254566
3.368000	-0.253820
3.369000	-0.253073
3.370000	-0.252324
3.371000	-0.251575
3.372000	-0.250824
3.373000	-0.250072
3.374000	-0.249318
3.375000	-0.248564
3.376000	-0.247808
3.377000	-0.247051
3.378000	-0.246293
3.379000	-0.245534
3.380000	-0.244774
3.381000	-0.244012
3.382000	-0.243250
3.383000	-0.242486
3.384000	-0.241721
3.385000	-0.240955
3.386000	-0.240188
3.387000	-0.239420
3.388000	-0.238650
3.389000	-0.237880
3.390000	-0.237108
3.391000	-0.236336
3.392000	-0.235562
3.393000	-0.234788
3.394000	-0.234012
3.395000	-0.233235
3.396000	-0.232458
3.397000	-0.231679
3.398000	-0.230899
3.399000	-0.230118
3.400000	-0.229337
3.401000	-0.228554
3.402000	-0.227770
3.403000	-0.226986
3.404000	-0.226200
3.405000	-0.225414
3.406000	-0.224626
3.407000	-0.223838
3.408000	-0.223049
3.409000	-0.222258
3.410000	-0.221467
3.411000	-0.220675
3.412000	-0.219883
3.413000	-0.219089
3.414000	-0.218294
3.415000	-0.217499
3.416000	-0.216703
3.417000	-0.215906
3.418000	-0.215108
3.419000	-0.214309
3.420000	-0.213510
3.421000	-0.212709
3.422000	-0.211908
3.423000	-0.211107
3.424000	-0.210304
3.425000	-0.209501
3.426000	-0.208697
3.427000	-0.207892
3.428000	-0.207086
3.429000	-0.206280
3.430000	-0.205473
3.431000	-0.204666
3.432000	-0.203857
3.433000	-0.203048
3.434000	-0.202239
3.435000	-0.201429
3.436000	-0.200618
3.437000	-0.199806
3.438000	-0.198994
3.439000	-0.198181
3.440000	-0.197368
3.441000	-0.196554
3.442000	-0.195740
3.443000	-0.194925
3.444000	-0.194109
3.445000	-0.193293
3.446000	-0.192476
3.447000	-0.191659
3.448000	-0.190841
3.449000	-0.190023
3.450000	-0.189204
3.451000	-0.188385
3.452000	-0.187565
3.453000	-0.186745
3.454000	-0.185925
3.455000	-0.185104
3.456000	-0.184282
3.457000	-0.183460
3.458000	-0.182638
3.459000	-0.181816
3.460000	-0.180993
3.461000	-0.180169
3.462000	-0.179346
3.463000	-0.178521
3.464000	-0.177697
3.465000	-0.176872
3.466000	-0.176047
3.467000	-0.175222
3.468000	-0.174396
3.469000	-0.173570
3.470000	-0.172744
3.471000	-0.171918
3.472000	-0.171091
3.473000	-0.170264
3.474000	-0.169437
3.475000	-0.168610
3.476000	-0.167782
3.477000	-0.166955
3.478000	-0.166127
3.479000	-0.165299
3.480000	-0.164471
3.481000	-0.163642
3.482000	-0.162814
3.483000	-0.161985
3.484000	-0.161157
3.485000	-0.160328
3.486000	-0.159499
3.487000	-0.158670
3.488000	-0.157841
3.489000	-0.157012
3.490000	-0.156184
3.491000	-0.155355
3.492000	-0.154526
3.493000	-0.153697
3.494000	-0.152868
3.495000	-0.152039
3.496000	-0.151210
3.497000	-0.150381
3.498000	-0.149552
3.499000	-0.148724
3.500000	-0.147895
3.501000	-0.147067
3.502000	-0.146239
3.503000	-0.145410
3.504000	-0.144582
3.505000	-0.143755
3.506000	-0.142927
3.507000	-0.142100
3.508000	-0.141272
3.509000	-0.140445
3.510000	-0.139619
3.511000	-0.138792
3.512000	-0.137966
3.513000	-0.137140
3.514000	-0.136314
3.515000	-0.135488
3.516000	-0.134663
3.517000	-0.133839
3.518000	-0.133014
3.519000	-0.132190
3.520000	-0.131366
3.521000	-0.130543
3.522000	-0.129720
3.523000	-0.128897
3.524000	-0.128075
3.525000	-0.127253
3.526000	-0.126432
3.527000	-0.125611
3.528000	-0.124791
3.529000	-0.123971
3.530000	-0.123152
3.531000	-0.122333
3.532000	-0.121515
3.533000	-0.120697
3.534000	-0.119880
3.535000	-0.119063
3.536000	-0.118247
3.537000	-0.117432
3.538000	-0.116617
3.539000	-0.115802
3.540000	-0.114989
3.541000	-0.114176
3.542000	-0.113364
3.543000	-0.112552
3.544000	-0.111741
3.545000	-0.110931
3.546000	-0.110122
3.547000	-0.109313
3.548000	-0.108505
3.549000	-0.107698
3.550000	-0.106892
3.551000	-0.106086
3.552000	-0.105281
3.553000	-0.104478
3.554000	-0.103674
3.555000	-0.102872
3.556000	-0.102071
3.557000	-0.101270
3.558000	-0.100471
3.559000	-0.099672
3.560000	-0.098875
3.561000	-0.098078
3.562000	-0.097282
3.563000	-0.096487
3.564000	-0.095694
3.565000	-0.094901
3.566000	-0.094109
3.567000	-0.093318
3.568000	-0.092529
3.569000	-0.091740
3.570000	-0.090952
3.571000	-0.090166
3.572000	-0.089381
3.573000	-0.088596
3.574000	-0.087813
3.575000	-0.087031
3.576000	-0.086251
3.577000	-0.085471
3.578000	-0.084693
3.579000	-0.083916
3.580000	-0.083140
3.581000	-0.082365
3.582000	-0.081592
3.583000	-0.080820
3.584000	-0.080049
3.585000	-0.079280
3.586000	-0.078512
3.587000	-0.077745
3.588000	-0.076979
3.589000	-0.076215
3.590000	-0.075453
3.591000	-0.074691
3.592000	-0.073931
3.593000	-0.073173
3.594000	-0.072416
3.595000	-0.071661
3.596000	-0.070907
3.597000	-0.070154
3.598000	-0.069403
3.599000	-0.068654
3.600000	-0.067906
3.601000	-0.067159
3.602000	-0.066415
3.603000	-0.065671
3.604000	-0.064930
3.605000	-0.064190
3.606000	-0.063452
3.607000	-0.062715
3.608000	-0.061980
3.609000	-0.061247
3.610000	-0.060515
3.611000	-0.059785
3.612000	-0.059057
3.613000	-0.058331
3.614000	-0.057606
3.615000	-0.056883
3.616000	-0.056162
3.617000	-0.055443
3.618000	-0.054726
3.619000	-0.054010
3.620000	-0.053296
3.621000	-0.052585
3.622000	-0.051875
3.623000	-0.051167
3.624000	-0.050461
3.625000	-0.049757
3.626000	-0.049054
3.627000	-0.048354
3.628000	-0.047656
3.629000	-0.046960
3.630000	-0.046266
3.631000	-0.045573
3.632000	-0.044883
3.633000	-0.044195
3.634000	-0.043509
3.635000	-0.042825
3.636000	-0.042144
3.637000	-0.041464
3.638000	-0.040787
3.639000	-0.040111
3.640000	-0.039438
3.641000	-0.038767
3.642000	-0.038099
3.643000	-0.037432
3.644000	-0.036768
3.645000	-0.036106
3.646000	-0.035446
3.647000	-0.034789
3.648000	-0.034134
3.649000	-0.033481
3.650000	-0.032830
3.651000	-0.032182
3.652000	-0.031536
3.653000	-0.030893
3.654000	-0.030252
3.655000	-0.029613
3.656000	-0.028977
3.657000	-0.028344
3.658000	-0.027712
3.659000	-0.027084
3.660000	-0.026457
3.661000	-0.025833
3.662000	-0.025212
3.663000	-0.024593
3.664000	-0.023977
3.665000	-0.023364
3.666000	-0.022753
3.667000	-0.022144
3.668000	-0.021538
3.669000	-0.020935
3.670000	-0.020335
3.671000	-0.019737
3.672000	-0.019141
3.673000	-0.018549
3.674000	-0.017959
3.675000	-0.017372
3.676000	-0.016787
3.677000	-0.016206
3.678000	-0.015627
3.679000	-0.015051
3.680000	-0.014477
3.681000	-0.013907
3.682000	-0.013339
3.683000	-0.012774
3.684000	-0.012212
3.685000	-0.011653
3.686000	-0.011096
3.687000	-0.010543
3.688000	-0.009992
3.689000	-0.009445
3.690000	-0.008900
3.691000	-0.008358
3.692000	-0.007820
3.693000	-0.007284
3.694000	-0.006751
3.695000	-0.006221
3.696000	-0.005694
3.697000	-0.005170
3.698000	-0.004649
3.699000	-0.004132
3.700000	-0.003617
3.701000	-0.003105
3.702000	-0.002597
3.703000	-0.002092
3.704000	-0.001589
3.705000	-0.001090
3.706000	-0.000594
3.707000	-0.000101
3.708000	0.000389
3.709000	0.000875
3.710000	0.001358
3.711000	0.001839
3.712000	0.002315
3.713000	0.002789
3.714000	0.003260
3.715000	0.003727
3.716000	0.004191
3.717000	0.004651
3.718000	0.005109
3.719000	0.005563
3.720000	0.006014
3.721000	0.006461
3.722000	0.006905
3.723000	0.007346
3.724000	0.007783
3.725000	0.008217
3.726000	0.008648
3.727000	0.009075
3.728000	0.009499
3.729000	0.009920
3.730000	0.010337
3.731000	0.010750
3.732000	0.011161
3.733000	0.011567
3.734000	0.011971
3.735000	0.012370
3.736000	0.012767
3.737000	0.013160
3.738000	0.013549
3.739000	0.013935
3.740000	0.014317
3.741000	0.014696
3.742000	0.015071
3.743000	0.015443
3.744000	0.015811
3.745000	0.016176
3.746000	0.016537
3.747000	0.016894
3.748000	0.017248
3.749000	0.017598
3.750000	0.017945
3.751000	0.018288
3.752000	0.018628
3.753000	0.018963
3.754000	0.019296
3.755000	0.019624
3.756000	0.019949
3.757000	0.020270
3.758000	0.020588
3.759000	0.020902
3.760000	0.021212
3.761000	0.021519
3.762000	0.021822
3.763000	0.022121
3.764000	0.022417
3.765000	0.022708
3.766000	0.022997
3.767000	0.023281
3.768000	0.023562
3.769000	0.023839
3.770000	0.024112
3.771000	0.024381
3.772000	0.024647
3.773000	0.024909
3.774000	0.025168
3.775000	0.025422
3.776000	0.025673
3.777000	0.025920
3.778000	0.026163
3.779000	0.026403
3.780000	0.026639
3.781000	0.026871
3.782000	0.027099
3.783000	0.027324
3.784000	0.027544
3.785000	0.027761
3.786000	0.027974
3.787000	0.028184
3.788000	0.028389
3.789000	0.028591
3.790000	0.028789
3.791000	0.028983
3.792000	0.029174
3.793000	0.029361
3.794000	0.029543
3.795000	0.029723
3.796000	0.029898
3.797000	0.030069
3.798000	0.030237
3.799000	0.030401
3.800000	0.030561
3.801000	0.030718
3.802000	0.030870
3.803000	0.031019
3.804000	0.031164
3.805000	0.031305
3.806000	0.031443
3.807000	0.031577
3.808000	0.031707
3.809000	0.031833
3.810000	0.031955
3.811000	0.032074
3.812000	0.032189
3.813000	0.032300
3.814000	0.032407
3.815000	0.032511
3.816000	0.032611
3.817000	0.032707
3.818000	0.032800
3.819000	0.032888
3.820000	0.032973
3.821000	0.033055
3.822000	0.033132
3.823000	0.033206
3.824000	0.033276
3.825000	0.033342
3.826000	0.033405
3.827000	0.033464
3.828000	0.033520
3.829000	0.033571
3.830000	0.033619
3.831000	0.033664
3.832000	0.033704
3.833000	0.033742
3.834000	0.033775
3.835000	0.033805
3.836000	0.033831
3.837000	0.033854
3.838000	0.033873
3.839000	0.033888
3.840000	0.033900
3.841000	0.033908
3.842000	0.033913
3.843000	0.033914
3.844000	0.033912
3.845000	0.033906
3.846000	0.033896
3.847000	0.033883
3.848000	0.033867
3.849000	0.033847
3.850000	0.033823
3.851000	0.033796
3.852000	0.033766
3.853000	0.033732
3.854000	0.033695
3.855000	0.033654
3.856000	0.033610
3.857000	0.033563
3.858000	0.033512
3.859000	0.033458
3.860000	0.033400
3.861000	0.033339
3.862000	0.033275
3.863000	0.033208
3.864000	0.033137
3.865000	0.033063
3.866000	0.032985
3.867000	0.032905
3.868000	0.032821
3.869000	0.032734
3.870000	0.032644
3.871000	0.032550
3.872000	0.032453
3.873000	0.032354
3.874000	0.032251
3.875000	0.032145
3.876000	0.032035
3.877000	0.031923
3.878000	0.031808
3.879000	0.031689
3.880000	0.031568
3.881000	0.031443
3.882000	0.031316
3.883000	0.031186
3.884000	0.031052
3.885000	0.030916
3.886000	0.030776
3.887000	0.030634
3.888000	0.030489
3.889000	0.030341
3.890000	0.030190
3.891000	0.030037
3.892000	0.029880
3.893000	0.029721
3.894000	0.029559
3.895000	0.029394
3.896000	0.029227
3.897000	0.029056
3.898000	0.028883
3.899000	0.028708
3.900000	0.028530
3.901000	0.028349
3.902000	0.028165
3.903000	0.027979
3.904000	0.027791
3.905000	0.027599
3.906000	0.027406
3.907000	0.027210
3.908000	0.027011
3.909000	0.026810
3.910000	0.026606
3.911000	0.026400
3.912000	0.026192
3.913000	0.025981
3.914000	0.025768
3.915000	0.025553
3.916000	0.025336
3.917000	0.025116
3.918000	0.024894
3.919000	0.024669
3.920000	0.024443
3.921000	0.024214
3.922000	0.023983
3.923000	0.023750
3.924000	0.023515
3.925000	0.023278
3.926000	0.023039
3.927000	0.022798
3.928000	0.022555
3.929000	0.022310
3.930000	0.022063
3.931000	0.021814
3.932000	0.021563
3.933000	0.021311
3.934000	0.021056
3.935000	0.020800
3.936000	0.020542
3.937000	0.020282
3.938000	0.020020
3.939000	0.019757
3.940000	0.019492
3.941000	0.019225
3.942000	0.018957
3.943000	0.018687
3.944000	0.018416
3.945000	0.018143
3.946000	0.017869
3.947000	0.017593
3.948000	0.017315
3.949000	0.017036
3.950000	0.016756
3.951000	0.016475
3.952000	0.016192
3.953000	0.015907
3.954000	0.015622
3.955000	0.015335
3.956000	0.015047
3.957000	0.014757
3.958000	0.014467
3.959000	0.014175
3.960000	0.013883
3.961000	0.013589
3.962000	0.013294
3.963000	0.012998
3.964000	0.012701
3.965000	0.012403
3.966000	0.012104
3.967000	0.011804
3.968000	0.011503
3.969000	0.011202
3.970000	0.010899
3.971000	0.010596
3.972000	0.010292
3.973000	0.009987
3.974000	0.009682
3.975000	0.009376
3.976000	0.009069
3.977000	0.008761
3.978000	0.008453
3.979000	0.008144
3.980000	0.007835
3.981000	0.007525
3.982000	0.007215
3.983000	0.006904
3.984000	0.006593
3.985000	0.006281
3.986000	0.005969
3.987000	0.005657
3.988000	0.005344
3.989000	0.005031
3.990000	0.004718
3.991000	0.004405
3.992000	0.004091
3.993000	0.003777
3.994000	0.003463
3.995000	0.003149
3.996000	0.002835
3.997000	0.002521
3.998000	0.002206
3.999000	0.001892
4.000000	0.001578
4.001000	0.001264
4.002000	0.000949
4.003000	0.000635
4.004000	0.000321
4.005000	0.000008
4.006000	-0.000306
4.007000	-0.000619
4.008000	-0.000932
4.009000	-0.001245
4.010000	-0.001558
4.011000	-0.001870
4.012000	-0.002182
4.013000	-0.002493
4.014000	-0.002804
4.015000	-0.003114
4.016000	-0.003424
4.017000	-0.003734
4.018000	-0.004043
4.019000	-0.004351
4.020000	-0.004659
4.021000	-0.004966
4.022000	-0.005273
4.023000	-0.005579
4.024000	-0.005884
4.025000	-0.006189
4.026000	-0.006493
4.027000	-0.006796
4.028000	-0.007098
4.029000	-0.007400
4.030000	-0.007700
4.031000	-0.008000
4.032000	-0.008298
4.033000	-0.008596
4.034000	-0.008893
4.035000	-0.009189
4.036000	-0.009483
4.037000	-0.009777
4.038000	-0.010069
4.039000	-0.010361
4.040000	-0.010651
4.041000	-0.010940
4.042000	-0.011229
4.043000	-0.011516
4.044000	-0.011801
4.045000	-0.012086
4.046000	-0.012370
4.047000	-0.012652
4.048000	-0.012932
4.049000	-0.013212
4.050000	-0.013490
4.051000	-0.013766
4.052000	-0.014041
4.053000	-0.014315
4.054000	-0.014587
4.055000	-0.014857
4.056000	-0.015126
4.057000	-0.015393
4.058000	-0.015659
4.059000	-0.015923
4.060000	-0.016185
4.061000	-0.016446
4.062000	-0.016706
4.063000	-0.016963
4.064000	-0.017220
4.065000	-0.017474
4.066000	-0.017727
4.067000	-0.017978
4.068000	-0.018227
4.069000	-0.018475
4.070000	-0.018721
4.071000	-0.018964
4.072000	-0.019206
4.073000	-0.019445
4.074000	-0.019683
4.075000	-0.019918
4.076000	-0.020152
4.077000	-0.020383
4.078000	-0.020612
4.079000	-0.020839
4.080000	-0.021065
4.081000	-0.021288
4.082000	-0.021509
4.083000	-0.021728
4.084000	-0.021945
4.085000	-0.022161
4.086000	-0.022374
4.087000	-0.022585
4.088000	-0.022794
4.089000	-0.023001
4.090000	-0.023205
4.091000	-0.023407
4.092000	-0.023607
4.093000	-0.023804
4.094000	-0.023998
4.095000	-0.024190
4.096000	-0.024380
4.097000	-0.024567
4.098000	-0.024751
4.099000	-0.024933
4.100000	-0.025113
4.101000	-0.025290
4.102000	-0.025465
4.103000	-0.025637
4.104000	-0.025807
4.105000	-0.025975
4.106000	-0.026141
4.107000	-0.026304
4.108000	-0.026464
4.109000	-0.026622
4.110000	-0.026778
4.111000	-0.026930
4.112000	-0.027080
4.113000	-0.027227
4.114000	-0.027371
4.115000	-0.027513
4.116000	-0.027651
4.117000	-0.027787
4.118000	-0.027919
4.119000	-0.028049
4.120000	-0.028176
4.121000	-0.028301
4.122000	-0.028423
4.123000	-0.028542
4.124000	-0.028658
4.125000	-0.028772
4.126000	-0.028882
4.127000	-0.028991
4.128000	-0.029096
4.129000	-0.029199
4.130000	-0.029298
4.131000	-0.029395
4.132000	-0.029489
4.133000	-0.029579
4.134000	-0.029667
4.135000	-0.029752
4.136000	-0.029833
4.137000	-0.029911
4.138000	-0.029986
4.139000	-0.030058
4.140000	-0.030128
4.141000	-0.030194
4.142000	-0.030257
4.143000	-0.030317
4.144000	-0.030374
4.145000	-0.030428
4.146000	-0.030479
4.147000	-0.030527
4.148000	-0.030572
4.149000	-0.030614
4.150000	-0.030653
4.151000	-0.030689
4.152000	-0.030721
4.153000	-0.030750
4.154000	-0.030776
4.155000	-0.030799
4.156000	-0.030819
4.157000	-0.030835
4.158000	-0.030848
4.159000	-0.030858
4.160000	-0.030865
4.161000	-0.030868
4.162000	-0.030868
4.163000	-0.030865
4.164000	-0.030859
4.165000	-0.030849
4.166000	-0.030837
4.167000	-0.030821
4.168000	-0.030802
4.169000	-0.030779
4.170000	-0.030753
4.171000	-0.030724
4.172000	-0.030692
4.173000	-0.030656
4.174000	-0.030617
4.175000	-0.030575
4.176000	-0.030529
4.177000	-0.030480
4.178000	-0.030428
4.179000	-0.030372
4.180000	-0.030313
4.181000	-0.030251
4.182000	-0.030185
4.183000	-0.030116
4.184000	-0.030044
4.185000	-0.029968
4.186000	-0.029889
4.187000	-0.029806
4.188000	-0.029720
4.189000	-0.029631
4.190000	-0.029538
4.191000	-0.029442
4.192000	-0.029343
4.193000	-0.029240
4.194000	-0.029134
4.195000	-0.029024
4.196000	-0.028911
4.197000	-0.028795
4.198000	-0.028675
4.199000	-0.028552
4.200000	-0.028426
4.201000	-0.028296
4.202000	-0.028162
4.203000	-0.028025
4.204000	-0.027885
4.205000	-0.027741
4.206000	-0.027594
4.207000	-0.027444
4.208000	-0.027290
4.209000	-0.027133
4.210000	-0.026972
4.211000	-0.026808
4.212000	-0.026641
4.213000	-0.026470
4.214000	-0.026295
4.215000	-0.026118
4.216000	-0.025936
4.217000	-0.025752
4.218000	-0.025564
4.219000	-0.025373
4.220000	-0.025178
4.221000	-0.024980
4.222000	-0.024778
4.223000	-0.024573
4.224000	-0.024365
4.225000	-0.024153
4.226000	-0.023938
4.227000	-0.023719
4.228000	-0.023497
4.229000	-0.023272
4.230000	-0.023043
4.231000	-0.022811
4.232000	-0.022575
4.233000	-0.022337
4.234000	-0.022094
4.235000	-0.021849
4.236000	-0.021600
4.237000	-0.021347
4.238000	-0.021092
4.239000	-0.020832
4.240000	-0.020570
4.241000	-0.020304
4.242000	-0.020035
4.243000	-0.019763
4.244000	-0.019487
4.245000	-0.019208
4.246000	-0.018925
4.247000	-0.018639
4.248000	-0.018350
4.249000	-0.018058
4.250000	-0.017762
4.251000	-0.017463
4.252000	-0.017160
4.253000	-0.016855
4.254000	-0.016546
4.255000	-0.016233
4.256000	-0.015918
4.257000	-0.015599
4.258000	-0.015277
4.259000	-0.014952
4.260000	-0.014623
4.261000	-0.014291
4.262000	-0.013956
4.263000	-0.013618
4.264000	-0.013276
4.265000	-0.012931
4.266000	-0.012583
4.267000	-0.012232
4.268000	-0.011878
4.269000	-0.011520
4.270000	-0.011159
4.271000	-0.010795
4.272000	-0.010428
4.273000	-0.010058
4.274000	-0.009684
4.275000	-0.009307
4.276000	-0.008928
4.277000	-0.008545
4.278000	-0.008159
4.279000	-0.007769
4.280000	-0.007377
4.281000	-0.006981
4.282000	-0.006583
4.283000	-0.006181
4.284000	-0.005777
4.285000	-0.005369
4.286000	-0.004958
4.287000	-0.004544
4.288000	-0.004127
4.289000	-0.003707
4.290000	-0.003284
4.291000	-0.002858
4.292000	-0.002429
4.293000	-0.001996
4.294000	-0.001561
4.295000	-0.001123
4.296000	-0.000682
4.297000	-0.000238
4.298000	0.000209
4.299000	0.000659
4.300000	0.001112
4.301000	0.001568
4.302000	0.002027
4.303000	0.002488
4.304000	0.002953
4.305000	0.003420
4.306000	0.003891
4.307000	0.004364
4.308000	0.004840
4.309000	0.005319
4.310000	0.005801
4.311000	0.006286
4.312000	0.006773
4.313000	0.007263
4.314000	0.007756
4.315000	0.008252
4.316000	0.008751
4.317000	0.009252
4.318000	0.009757
4.319000	0.010264
4.320000	0.010773
4.321000	0.011286
4.322000	0.011801
4.323000	0.012319
4.324000	0.012839
4.325000	0.013362
4.326000	0.013888
4.327000	0.014417
4.328000	0.014948
4.329000	0.015482
4.330000	0.016018
4.331000	0.016557
4.332000	0.017099
4.333000	0.017643
4.334000	0.018190
4.335000	0.018740
4.336000	0.019292
4.337000	0.019846
4.338000	0.020403
4.339000	0.020963
4.340000	0.021525
4.341000	0.022090
4.342000	0.022657
4.343000	0.023226
4.344000	0.023798
4.345000	0.024373
4.346000	0.024950
4.347000	0.025529
4.348000	0.026111
4.349000	0.026695
4.350000	0.027282
4.351000	0.027871
4.352000	0.028462
4.353000	0.029056
4.354000	0.029652
4.355000	0.030250
4.356000	0.030851
4.357000	0.031454
4.358000	0.032059
4.359000	0.032667
4.360000	0.033277
4.361000	0.033889
4.362000	0.034503
4.363000	0.035120
4.364000	0.035738
4.365000	0.036359
4.366000	0.036982
4.367000	0.037608
4.368000	0.038235
4.369000	0.038865
4.370000	0.039497
4.371000	0.040131
4.372000	0.040767
4.373000	0.041405
4.374000	0.042045
4.375000	0.042687
4.376000	0.043332
4.377000	0.043978
4.378000	0.044627
4.379000	0.045277
4.380000	0.045930
4.381000	0.046584
4.382000	0.047241
4.383000	0.047899
4.384000	0.048559
4.385000	0.049222
4.386000	0.049886
4.387000	0.050552
4.388000	0.051220
4.389000	0.051890
4.390000	0.052562
4.391000	0.053236
4.392000	0.053912
4.393000	0.054589
4.394000	0.055268
4.395000	0.055949
4.396000	0.056632
4.397000	0.057317
4.398000	0.058003
4.399000	0.058692
4.400000	0.059382
4.401000	0.060073
4.402000	0.060767
4.403000	0.061462
4.404000	0.062159
4.405000	0.062857
4.406000	0.063557
4.407000	0.064259
4.408000	0.064962
4.409000	0.065667
4.410000	0.066374
4.411000	0.067082
4.412000	0.067792
4.413000	0.068504
4.414000	0.069217
4.415000	0.069931
4.416000	0.070647
4.417000	0.071365
4.418000	0.072084
4.419000	0.072804
4.420000	0.073526
4.421000	0.074250
4.422000	0.074975
4.423000	0.075701
4.424000	0.076429
4.425000	0.077158
4.426000	0.077889
4.427000	0.078621
4.428000	0.079354
4.429000	0.080089
4.430000	0.080825
4.431000	0.081563
4.432000	0.082301
4.433000	0.083041
4.434000	0.083783
4.435000	0.084525
4.436000	0.085269
4.437000	0.086014
4.438000	0.086761
4.439000	0.087508
4.440000	0.088257
4.441000	0.089007
4.442000	0.089758
4.443000	0.090510
4.444000	0.091264
4.445000	0.092019
4.446000	0.092774
4.447000	0.093531
4.448000	0.094289
4.449000	0.095048
4.450000	0.095808
4.451000	0.096569
4.452000	0.097332
4.453000	0.098095
4.454000	0.098859
4.455000	0.099625
4.456000	0.100391
4.457000	0.101158
4.458000	0.101926
4.459000	0.102696
4.460000	0.103466
4.461000	0.104237
4.462000	0.105009
4.463000	0.105782
4.464000	0.106556
4.465000	0.107330
4.466000	0.108106
4.467000	0.108882
4.468000	0.109659
4.469000	0.110438
4.470000	0.111216
4.471000	0.111996
4.472000	0.112777
4.473000	0.113558
4.474000	0.114340
4.475000	0.115122
4.476000	0.115906
4.477000	0.116690
4.478000	0.117475
4.479000	0.118261
4.480000	0.119047
4.481000	0.119834
4.482000	0.120621
4.483000	0.121410
4.484000	0.122199
4.485000	0.122988
4.486000	0.123778
4.487000	0.124569
4.488000	0.125360
4.489000	0.126152
4.490000	0.126944
4.491000	0.127737
4.492000	0.128531
4.493000	0.129325
4.494000	0.130119
4.495000	0.130914
4.496000	0.131710
4.497000	0.132506
4.498000	0.133302
4.499000	0.134099
4.500000	0.134896
4.501000	0.135694
4.502000	0.136492
4.503000	0.137290
4.504000	0.138089
4.505000	0.138889
4.506000	0.139688
4.507000	0.140488
4.508000	0.141288
4.509000	0.142089
4.510000	0.142890
4.511000	0.143691
4.512000	0.144492
4.513000	0.145294
4.514000	0.146096
4.515000	0.146898
4.516000	0.147701
4.517000	0.148503
4.518000	0.149306
4.519000	0.150110
4.520000	0.150913
4.521000	0.151716
4.522000	0.152520
4.523000	0.153324
4.524000	0.154128
4.525000	0.154932
4.526000	0.155736
4.527000	0.156540
4.528000	0.157344
4.529000	0.158149
4.530000	0.158953
4.531000	0.159758
4.532000	0.160562
4.533000	0.161367
4.534000	0.162172
4.535000	0.162976
4.536000	0.163781
4.537000	0.164586
4.538000	0.165390
4.539000	0.166195
4.540000	0.166999
4.541000	0.167804
4.542000	0.168608
4.543000	0.169412
4.544000	0.170217
4.545000	0.171021
4.546000	0.171825
4.547000	0.172629
4.548000	0.173432
4.549000	0.174236
4.550000	0.175039
4.551000	0.175843
4.552000	0.176646
4.553000	0.177449
4.554000	0.178251
4.555000	0.179054
4.556000	0.179856
4.557000	0.180658
4.558000	0.181460
4.559000	0.182261
4.560000	0.183062
4.561000	0.183863
4.562000	0.184664
4.563000	0.185464
4.564000	0.186264
4.565000	0.187064
4.566000	0.187863
4.567000	0.188662
4.568000	0.189461
4.569000	0.190259
4.570000	0.191057
4.571000	0.191855
4.572000	0.192652
4.573000	0.193448
4.574000	0.194245
4.575000	0.195041
4.576000	0.195836
4.577000	0.196631
4.578000	0.197425
4.579000	0.198220
4.580000	0.199013
4.581000	0.199806
4.582000	0.200599
4.583000	0.201391
4.584000	0.202182
4.585000	0.202973
4.586000	0.203764
4.587000	0.204554
4.588000	0.205343
4.589000	0.206132
4.590000	0.206920
4.591000	0.207708
4.592000	0.208494
4.593000	0.209281
4.594000	0.210067
4.595000	0.210852
4.596000	0.211636
4.597000	0.212420
4.598000	0.213203
4.599000	0.213986
4.600000	0.214768
4.601000	0.215549
4.602000	0.216329
4.603000	0.217109
4.604000	0.217888
4.605000	0.218666
4.606000	0.219444
4.607000	0.220220
4.608000	0.220996
4.609000	0.221772
4.610000	0.222546
4.611000	0.223320
4.612000	0.224093
4.613000	0.224865
4.614000	0.225636
4.615000	0.226407
4.616000	0.227176
4.617000	0.227945
4.618000	0.228713
4.619000	0.229480
4.620000	0.230246
4.621000	0.231012
4.622000	0.231776
4.623000	0.232540
4.624000	0.233302
4.625000	0.234064
4.626000	0.234825
4.627000	0.235585
4.628000	0.236344
4.629000	0.237102
4.630000	0.237859
4.631000	0.238615
4.632000	0.239370
4.633000	0.240124
4.634000	0.240877
4.635000	0.241629
4.636000	0.242380
4.637000	0.243131
4.638000	0.243880
4.639000	0.244628
4.640000	0.245375
4.641000	0.246121
4.642000	0.246866
4.643000	0.247609
4.644000	0.248352
4.645000	0.249094
4.646000	0.249834
4.647000	0.250574
4.648000	0.251312
4.649000	0.252050
4.650000	0.252786
4.651000	0.253521
4.652000	0.254255
4.653000	0.254987
4.654000	0.255719
4.655000	0.256449
4.656000	0.257178
4.657000	0.257906
4.658000	0.258633
4.659000	0.259359
4.660000	0.260083
4.661000	0.260807
4.662000	0.261529
4.663000	0.262249
4.664000	0.262969
4.665000	0.263687
4.666000	0.264404
4.667000	0.265120
4.668000	0.265835
4.669000	0.266548
4.670000	0.267260
4.671000	0.267971
4.672000	0.268680
4.673000	0.269388
4.674000	0.270095
4.675000	0.270800
4.676000	0.271505
4.677000	0.272207
4.678000	0.272909
4.679000	0.273609
4.680000	0.274308
4.681000	0.275005
4.682000	0.275701
4.683000	0.276396
4.684000	0.277089
4.685000	0.277781
4.686000	0.278471
4.687000	0.279160
4.688000	0.279848
4.689000	0.280534
4.690000	0.281219
4.691000	0.281902
4.692000	0.282584
4.693000	0.283265
4.694000	0.283944
4.695000	0.284621
4.696000	0.285298
4.697000	0.285972
4.698000	0.286645
4.699000	0.287317
4.700000	0.287987
4.701000	0.288656
4.702000	0.289323
4.703000	0.289989
4.704000	0.290653
4.705000	0.291315
4.706000	0.291976
4.707000	0.292636
4.708000	0.293294
4.709000	0.293950
4.710000	0.294605
4.711000	0.295259
4.712000	0.295910
4.713000	0.296560
4.714000	0.297209
4.715000	0.297856
4.716000	0.298501
4.717000	0.299145
4.718000	0.299787
4.719000	0.300428
4.720000	0.301067
4.721000	0.301704
4.722000	0.302340
4.723000	0.302974
4.724000	0.303606
4.725000	0.304237
4.726000	0.304866
4.727000	0.305493
4.728000	0.306119
4.729000	0.306743
4.730000	0.307365
4.731000	0.307986
4.732000	0.308605
4.733000	0.309222
4.734000	0.309838
4.735000	0.310452
4.736000	0.311064
4.737000	0.311674
4.738000	0.312283
4.739000	0.312890
4.740000	0.313495
4.741000	0.314099
4.742000	0.314700
4.743000	0.315300
4.744000	0.315899
4.745000	0.316495
4.746000	0.317090
4.747000	0.317683
4.748000	0.318274
4.749000	0.318863
4.750000	0.319451
4.751000	0.320036
4.752000	0.320620
4.753000	0.321202
4.754000	0.321783
4.755000	0.322361
4.756000	0.322938
4.757000	0.323513
4.758000	0.324086
4.759000	0.324657
4.760000	0.325226
4.761000	0.325793
4.762000	0.326359
4.763000	0.326923
4.764000	0.327485
4.765000	0.328045
4.766000	0.328603
4.767000	0.329159
4.768000	0.329713
4.769000	0.330266
4.770000	0.330816
4.771000	0.331365
4.772000	0.331911
4.773000	0.332456
4.774000	0.332999
4.775000	0.333540
4.776000	0.334079
4.777000	0.334616
4.778000	0.335152
4.779000	0.335685
4.780000	0.336216
4.781000	0.336746
4.782000	0.337273
4.783000	0.337798
4.784000	0.338322
4.785000	0.338843
4.786000	0.339363
4.787000	0.339881
4.788000	0.340396
4.789000	0.340910
4.790000	0.341421
4.791000	0.341931
4.792000	0.342439
4.793000	0.342944
4.794000	0.343448
4.795000	0.343950
4.796000	0.344449
4.797000	0.344947
4.798000	0.345442
4.799000	0.345936
4.800000	0.346427
4.801000	0.346917
4.802000	0.347404
4.803000	0.347890
4.804000	0.348373
4.805000	0.348854
4.806000	0.349333
4.807000	0.349811
4.808000	0.350286
4.809000	0.350759
4.810000	0.351230
4.811000	0.351699
4.812000	0.352165
4.813000	0.352630
4.814000	0.353093
4.815000	0.353553
4.816000	0.354012
4.817000	0.354468
4.818000	0.354922
4.819000	0.355375
4.820000	0.355825
4.821000	0.356273
4.822000	0.356718
4.823000	0.357162
4.824000	0.357604
4.825000	0.358043
4.826000	0.358480
4.827000	0.358915
4.828000	0.359348
4.829000	0.359779
4.830000	0.360208
4.831000	0.360635
4.832000	0.361059
4.833000	0.361481
4.834000	0.361902
4.835000	0.362319
4.836000	0.362735
4.837000	0.363149
4.838000	0.363560
4.839000	0.363970
4.840000	0.364377
4.841000	0.364782
4.842000	0.365184
4.843000	0.365585
4.844000	0.365983
4.845000	0.366379
4.846000	0.366773
4.847000	0.367165
4.848000	0.367554
4.849000	0.367942
4.850000	0.368327
4.851000	0.368710
4.852000	0.369090
4.853000	0.369469
4.854000	0.369845
4.855000	0.370219
4.856000	0.370591
4.857000	0.370961
4.858000	0.371328
4.859000	0.371693
4.860000	0.372056
4.861000	0.372416
4.862000	0.372775
4.863000	0.373131
4.864000	0.373485
4.865000	0.373836
4.866000	0.374185
4.867000	0.374533
4.868000	0.374877
4.869000	0.375220
4.870000	0.375560
4.871000	0.375898
4.872000	0.376234
4.873000	0.376567
4.874000	0.376898
4.875000	0.377227
4.876000	0.377554
4.877000	0.377878
4.878000	0.378200
4.879000	0.378520
4.880000	0.378837
4.881000	0.379152
4.882000	0.379465
4.883000	0.379776
4.884000	0.380084
4.885000	0.380390
4.886000	0.380694
4.887000	0.380995
4.888000	0.381294
4.889000	0.381591
4.890000	0.381885
4.891000	0.382177
4.892000	0.382467
4.893000	0.382754
4.894000	0.383039
4.895000	0.383322
4.896000	0.383602
4.897000	0.383880
4.898000	0.384156
4.899000	0.384429
4.900000	0.384700
4.901000	0.384969
4.902000	0.385235
4.903000	0.385499
4.904000	0.385761
4.905000	0.386020
4.906000	0.386277
4.907000	0.386532
4.908000	0.386784
4.909000	0.387034
4.910000	0.387282
4.911000	0.387527
4.912000	0.387770
4.913000	0.388010
4.914000	0.388248
4.915000	0.388484
4.916000	0.388717
4.917000	0.388948
4.918000	0.389177
4.919000	0.389403
4.920000	0.389627
4.921000	0.389848
4.922000	0.390067
4.923000	0.390284
4.924000	0.390498
4.925000	0.390710
4.926000	0.390919
4.927000	0.391127
4.928000	0.391331
4.929000	0.391534
4.930000	0.391734
4.931000	0.391931
4.932000	0.392126
4.933000	0.392319
4.934000	0.392509
4.935000	0.392697
4.936000	0.392883
4.937000	0.393066
4.938000	0.393247
4.939000	0.393425
4.940000	0.393601
4.941000	0.393774
4.942000	0.393946
4.943000	0.394114
4.944000	0.394280
4.945000	0.394444
4.946000	0.394606
4.947000	0.394765
4.948000	0.394921
4.949000	0.395075
4.950000	0.395227
4.951000	0.395377
4.952000	0.395523
4.953000	0.395668
4.954000	0.395810
4.955000	0.395950
4.956000	0.396087
4.957000	0.396221
4.958000	0.396354
4.959000	0.396484
4.960000	0.396611
4.961000	0.396736
4.962000	0.396859
4.963000	0.396979
4.964000	0.397097
4.965000	0.397212
4.966000	0.397325
4.967000	0.397435
4.968000	0.397543
4.969000	0.397649
4.970000	0.397752
4.971000	0.397852
4.972000	0.397950
4.973000	0.398046
4.974000	0.398139
4.975000	0.398230
4.976000	0.398319
4.977000	0.398405
4.978000	0.398488
4.979000	0.398569
4.980000	0.398648
4.981000	0.398724
4.982000	0.398798
4.983000	0.398869
4.984000	0.398938
4.985000	0.399004
4.986000	0.399068
4.987000	0.399129
4.988000	0.399188
4.989000	0.399245
4.990000	0.399299
4.991000	0.399350
4.992000	0.399400
4.993000	0.399446
4.994000	0.399491
4.995000	0.399532
4.996000	0.399572
4.997000	0.399609
4.998000	0.399643
4.999000	0.399675
