0.001000	0.000000
0.002000	0.000471
0.003000	0.001041
0.004000	0.001863
0.005000	0.002952
0.006000	0.004337
0.007000	0.006032
0.008000	0.008043
0.009000	0.010364
0.010000	0.012976
0.011000	0.015844
0.012000	0.018921
0.013000	0.022146
0.014000	0.025446
0.015000	0.028738
0.016000	0.031935
0.017000	0.034947
0.018000	0.037691
0.019000	0.040093
0.020000	0.042099
0.021000	0.043672
0.022000	0.044806
0.023000	0.045520
0.024000	0.045866
0.025000	0.045922
0.026000	0.045790
0.027000	0.045594
0.028000	0.045465
0.029000	0.045537
0.030000	0.045934
0.031000	0.046763
0.032000	0.048100
0.033000	0.049982
0.034000	0.052403
0.035000	0.055312
0.036000	0.058608
0.037000	0.062154
0.038000	0.065779
0.039000	0.069294
0.040000	0.072510
0.041000	0.075253
0.042000	0.077381
0.043000	0.078804
0.044000	0.079489
0.045000	0.079468
0.046000	0.078842
0.047000	0.077769
0.048000	0.076459
0.049000	0.075155
0.050000	0.074112
0.051000	0.073582
0.052000	0.073783
0.053000	0.074883
0.054000	0.076981
0.055000	0.080087
0.056000	0.084118
0.057000	0.088898
0.058000	0.094165
0.059000	0.099595
0.060000	0.104825
0.061000	0.109492
0.062000	0.113270
0.063000	0.115905
0.064000	0.117246
0.065000	0.117259
0.066000	0.116032
0.067000	0.113770
0.068000	0.110778
0.069000	0.107434
0.070000	0.104164
0.071000	0.101402
0.072000	0.099561
0.073000	0.098994
0.074000	0.099958
0.075000	0.102586
0.076000	0.106862
0.077000	0.112610
0.078000	0.119497
0.079000	0.127054
0.080000	0.134720
0.081000	0.141893
0.082000	0.148004
0.083000	0.152581
0.084000	0.155304
0.085000	0.156038
0.086000	0.154841
0.087000	0.151952
0.088000	0.147757
0.089000	0.142753
0.090000	0.137506
0.091000	0.132607
0.092000	0.128628
0.093000	0.126084
0.094000	0.125383
0.095000	0.126788
0.096000	0.130380
0.097000	0.136037
0.098000	0.143423
0.099000	0.152010
0.100000	0.161119
0.101000	0.169994
0.102000	0.177889
0.103000	0.184165
0.104000	0.188369
0.105000	0.190279
0.106000	0.189915
0.107000	0.187517
0.108000	0.183496
0.109000	0.178388
0.110000	0.172794
0.111000	0.167340
0.112000	0.162627
0.113000	0.159196
0.114000	0.157482
0.115000	0.157782
0.116000	0.160216
0.117000	0.164712
0.118000	0.170989
0.119000	0.178583
0.120000	0.186881
0.121000	0.195188
0.122000	0.202814
0.123000	0.209163
0.124000	0.213799
0.125000	0.216496
0.126000	0.217245
0.127000	0.216230
0.128000	0.213788
0.129000	0.210359
0.130000	0.206435
0.131000	0.202519
0.132000	0.199085
0.133000	0.196547
0.134000	0.195229
0.135000	0.195342
0.136000	0.196963
0.137000	0.200030
0.138000	0.204345
0.139000	0.209587
0.140000	0.215351
0.141000	0.221190
0.142000	0.226669
0.143000	0.231416
0.144000	0.235163
0.145000	0.237765
0.146000	0.239210
0.147000	0.239599
0.148000	0.239128
0.149000	0.238053
0.150000	0.236660
0.151000	0.235237
0.152000	0.234050
0.153000	0.233321
0.154000	0.233216
0.155000	0.233830
0.156000	0.235188
0.157000	0.237242
0.158000	0.239882
0.159000	0.242950
0.160000	0.246258
0.161000	0.249608
0.162000	0.252817
0.163000	0.255734
0.164000	0.258250
0.165000	0.260312
0.166000	0.261915
0.167000	0.263099
0.168000	0.263943
0.169000	0.264545
0.170000	0.265016
0.171000	0.265465
0.172000	0.265990
0.173000	0.266670
0.174000	0.267560
0.175000	0.268689
0.176000	0.270059
0.177000	0.271649
0.178000	0.273422
0.179000	0.275325
0.180000	0.277301
0.181000	0.279292
0.182000	0.281248
0.183000	0.283127
0.184000	0.284903
0.185000	0.286561
0.186000	0.288102
0.187000	0.289535
0.188000	0.290882
0.189000	0.292166
0.190000	0.293415
0.191000	0.294654
0.192000	0.295905
0.193000	0.297188
0.194000	0.298513
0.195000	0.299886
0.196000	0.301308
0.197000	0.302773
0.198000	0.304275
0.199000	0.305802
0.200000	0.307345
0.201000	0.308891
0.202000	0.310433
0.203000	0.311963
0.204000	0.313476
0.205000	0.314970
0.206000	0.316445
0.207000	0.317903
0.208000	0.319346
0.209000	0.320778
0.210000	0.322203
0.211000	0.323625
0.212000	0.325046
0.213000	0.326470
0.214000	0.327898
0.215000	0.329331
0.216000	0.330770
0.217000	0.332212
0.218000	0.333659
0.219000	0.335108
0.220000	0.336559
0.221000	0.338010
0.222000	0.339461
0.223000	0.340909
0.224000	0.342356
0.225000	0.343800
0.226000	0.345242
0.227000	0.346682
0.228000	0.348119
0.229000	0.349554
0.230000	0.350988
0.231000	0.352421
0.232000	0.353852
0.233000	0.355283
0.234000	0.356713
0.235000	0.358143
0.236000	0.359572
0.237000	0.361001
0.238000	0.362429
0.239000	0.363857
0.240000	0.365284
0.241000	0.366710
0.242000	0.368136
0.243000	0.369560
0.244000	0.370984
0.245000	0.372407
0.246000	0.373828
0.247000	0.375249
0.248000	0.376669
0.249000	0.378088
0.250000	0.379506
0.251000	0.380923
0.252000	0.382339
0.253000	0.383754
0.254000	0.385169
0.255000	0.386582
0.256000	0.387995
0.257000	0.389406
0.258000	0.390817
0.259000	0.392227
0.260000	0.393636
0.261000	0.395044
0.262000	0.396451
0.263000	0.397857
0.264000	0.399263
0.265000	0.400667
0.266000	0.402070
0.267000	0.403473
0.268000	0.404874
0.269000	0.406275
0.270000	0.407675
0.271000	0.409074
0.272000	0.410471
0.273000	0.411868
0.274000	0.413264
0.275000	0.414659
0.276000	0.416053
0.277000	0.417446
0.278000	0.418838
0.279000	0.420229
0.280000	0.421619
0.281000	0.423008
0.282000	0.424397
0.283000	0.425784
0.284000	0.427170
0.285000	0.428555
0.286000	0.429940
0.287000	0.431323
0.288000	0.432705
0.289000	0.434087
0.290000	0.435467
0.291000	0.436846
0.292000	0.438224
0.293000	0.439602
0.294000	0.440978
0.295000	0.442353
0.296000	0.443728
0.297000	0.445101
0.298000	0.446473
0.299000	0.447845
0.300000	0.449215
0.301000	0.450584
0.302000	0.451952
0.303000	0.453320
0.304000	0.454686
0.305000	0.456051
0.306000	0.457415
0.307000	0.458778
0.308000	0.460140
0.309000	0.461501
0.310000	0.462861
0.311000	0.464220
0.312000	0.465578
0.313000	0.466934
0.314000	0.468290
0.315000	0.469645
0.316000	0.470998
0.317000	0.472351
0.318000	0.473702
0.319000	0.475052
0.320000	0.476402
0.321000	0.477750
0.322000	0.479097
0.323000	0.480443
0.324000	0.481788
0.325000	0.483132
0.326000	0.484475
0.327000	0.485816
0.328000	0.487157
0.329000	0.488497
0.330000	0.489835
0.331000	0.491172
0.332000	0.492508
0.333000	0.493843
0.334000	0.495177
0.335000	0.496510
0.336000	0.497842
0.337000	0.499172
0.338000	0.500502
0.339000	0.501830
0.340000	0.503157
0.341000	0.504484
0.342000	0.505808
0.343000	0.507132
0.344000	0.508455
0.345000	0.509776
0.346000	0.511097
0.347000	0.512416
0.348000	0.513734
0.349000	0.515051
0.350000	0.516366
0.351000	0.517681
0.352000	0.518994
0.353000	0.520307
0.354000	0.521618
0.355000	0.522928
0.356000	0.524236
0.357000	0.525544
0.358000	0.526850
0.359000	0.528155
0.360000	0.529459
0.361000	0.530762
0.362000	0.532063
0.363000	0.533364
0.364000	0.534663
0.365000	0.535961
0.366000	0.537258
0.367000	0.538553
0.368000	0.539847
0.369000	0.541141
0.370000	0.542432
0.371000	0.543723
0.372000	0.545013
0.373000	0.546301
0.374000	0.547588
0.375000	0.548873
0.376000	0.550158
0.377000	0.551441
0.378000	0.552723
0.379000	0.554004
0.380000	0.555283
0.381000	0.556562
0.382000	0.557839
0.383000	0.559114
0.384000	0.560389
0.385000	0.561662
0.386000	0.562934
0.387000	0.564205
0.388000	0.565474
0.389000	0.566742
0.390000	0.568009
0.391000	0.569275
0.392000	0.570539
0.393000	0.571802
0.394000	0.573064
0.395000	0.574324
0.396000	0.575583
0.397000	0.576841
0.398000	0.578097
0.399000	0.579352
0.400000	0.580606
0.401000	0.581859
0.402000	0.583110
0.403000	0.584360
0.404000	0.585609
0.405000	0.586856
0.406000	0.588102
0.407000	0.589346
0.408000	0.590590
0.409000	0.591832
0.410000	0.593072
0.411000	0.594311
0.412000	0.595549
0.413000	0.596786
0.414000	0.598021
0.415000	0.599255
0.416000	0.600487
0.417000	0.601719
0.418000	0.602948
0.419000	0.604177
0.420000	0.605404
0.421000	0.606629
0.422000	0.607854
0.423000	0.609076
0.424000	0.610298
0.425000	0.611518
0.426000	0.612737
0.427000	0.613954
0.428000	0.615170
0.429000	0.616385
0.430000	0.617598
0.431000	0.618809
0.432000	0.620020
0.433000	0.621229
0.434000	0.622436
0.435000	0.623642
0.436000	0.624847
0.437000	0.626050
0.438000	0.627252
0.439000	0.628452
0.440000	0.629651
0.441000	0.630849
0.442000	0.632045
0.443000	0.633239
0.444000	0.634433
0.445000	0.635624
0.446000	0.636815
0.447000	0.638003
0.448000	0.639191
0.449000	0.640377
0.450000	0.641561
0.451000	0.642744
0.452000	0.643925
0.453000	0.645106
0.454000	0.646284
0.455000	0.647461
0.456000	0.648637
0.457000	0.649811
0.458000	0.650983
0.459000	0.652155
0.460000	0.653324
0.461000	0.654492
0.462000	0.655659
0.463000	0.656824
0.464000	0.657988
0.465000	0.659150
0.466000	0.660311
0.467000	0.661470
0.468000	0.662627
0.469000	0.663783
0.470000	0.664938
0.471000	0.666091
0.472000	0.667242
0.473000	0.668392
0.474000	0.669541
0.475000	0.670687
0.476000	0.671833
0.477000	0.672976
0.478000	0.674119
0.479000	0.675259
0.480000	0.676398
0.481000	0.677536
0.482000	0.678672
0.483000	0.679806
0.484000	0.680939
0.485000	0.682071
0.486000	0.683200
0.487000	0.684328
0.488000	0.685455
0.489000	0.686580
0.490000	0.687703
0.491000	0.688825
0.492000	0.689945
0.493000	0.691064
0.494000	0.692181
0.495000	0.693297
0.496000	0.694410
0.497000	0.695523
0.498000	0.696633
0.499000	0.697742
0.500000	0.698850
0.501000	0.699955
0.502000	0.701060
0.503000	0.702162
0.504000	0.703263
0.505000	0.704362
0.506000	0.705460
0.507000	0.706556
0.508000	0.707650
0.509000	0.708743
0.510000	0.709834
0.511000	0.710924
0.512000	0.712011
0.513000	0.713097
0.514000	0.714182
0.515000	0.715265
0.516000	0.716346
0.517000	0.717425
0.518000	0.718503
0.519000	0.719579
0.520000	0.720654
0.521000	0.721727
0.522000	0.722798
0.523000	0.723867
0.524000	0.724935
0.525000	0.726001
0.526000	0.727065
0.527000	0.728128
0.528000	0.729189
0.529000	0.730248
0.530000	0.731306
0.531000	0.732362
0.532000	0.733416
0.533000	0.734469
0.534000	0.735519
0.535000	0.736568
0.536000	0.737616
0.537000	0.738661
0.538000	0.739705
0.539000	0.740747
0.540000	0.741788
0.541000	0.742826
0.542000	0.743863
0.543000	0.744898
0.544000	0.745932
0.545000	0.746964
0.546000	0.747993
0.547000	0.749022
0.548000	0.750048
0.549000	0.751073
0.550000	0.752096
0.551000	0.753117
0.552000	0.754136
0.553000	0.755154
0.554000	0.756170
0.555000	0.757184
0.556000	0.758196
0.557000	0.759207
0.558000	0.760216
0.559000	0.761223
0.560000	0.762228
0.561000	0.763231
0.562000	0.764233
0.563000	0.765233
0.564000	0.766231
0.565000	0.767227
0.566000	0.768221
0.567000	0.769214
0.568000	0.770205
0.569000	0.771194
0.570000	0.772181
0.571000	0.773166
0.572000	0.774150
0.573000	0.775131
0.574000	0.776111
0.575000	0.777089
0.576000	0.778065
0.577000	0.779040
0.578000	0.780012
0.579000	0.780983
0.580000	0.781952
0.581000	0.782919
0.582000	0.783884
0.583000	0.784847
0.584000	0.785809
0.585000	0.786768
0.586000	0.787726
0.587000	0.788682
0.588000	0.789636
0.589000	0.790588
0.590000	0.791538
0.591000	0.792487
0.592000	0.793433
0.593000	0.794378
0.594000	0.795321
0.595000	0.796262
0.596000	0.797201
0.597000	0.798138
0.598000	0.799073
0.599000	0.800007
0.600000	0.800938
0.601000	0.801868
0.602000	0.802795
0.603000	0.803721
0.604000	0.804645
0.605000	0.805567
0.606000	0.806487
0.607000	0.807405
0.608000	0.808321
0.609000	0.809235
0.610000	0.810148
0.611000	0.811058
0.612000	0.811967
0.613000	0.812873
0.614000	0.813778
0.615000	0.814681
0.616000	0.815582
0.617000	0.816480
0.618000	0.817377
0.619000	0.818272
0.620000	0.819165
0.621000	0.820056
0.622000	0.820945
0.623000	0.821833
0.624000	0.822718
0.625000	0.823601
0.626000	0.824482
0.627000	0.825362
0.628000	0.826239
0.629000	0.827114
0.630000	0.827988
0.631000	0.828859
0.632000	0.829729
0.633000	0.830596
0.634000	0.831462
0.635000	0.832325
0.636000	0.833187
0.637000	0.834046
0.638000	0.834904
0.639000	0.835760
0.640000	0.836613
0.641000	0.837465
0.642000	0.838314
0.643000	0.839162
0.644000	0.840007
0.645000	0.840851
0.646000	0.841693
0.647000	0.842532
0.648000	0.843370
0.649000	0.844205
0.650000	0.845039
0.651000	0.845870
0.652000	0.846700
0.653000	0.847527
0.654000	0.848352
0.655000	0.849176
0.656000	0.849997
0.657000	0.850816
0.658000	0.851634
0.659000	0.852449
0.660000	0.853262
0.661000	0.854073
0.662000	0.854882
0.663000	0.855689
0.664000	0.856494
0.665000	0.857297
0.666000	0.858098
0.667000	0.858897
0.668000	0.859694
0.669000	0.860489
0.670000	0.861281
0.671000	0.862072
0.672000	0.862860
0.673000	0.863647
0.674000	0.864431
0.675000	0.865213
0.676000	0.865994
0.677000	0.866772
0.678000	0.867548
0.679000	0.868322
0.680000	0.869094
0.681000	0.869864
0.682000	0.870631
0.683000	0.871397
0.684000	0.872160
0.685000	0.872922
0.686000	0.873681
0.687000	0.874438
0.688000	0.875194
0.689000	0.875947
0.690000	0.876697
0.691000	0.877446
0.692000	0.878193
0.693000	0.878937
0.694000	0.879680
0.695000	0.880420
0.696000	0.881158
0.697000	0.881895
0.698000	0.882629
0.699000	0.883360
0.700000	0.884090
0.701000	0.884818
0.702000	0.885543
0.703000	0.886266
0.704000	0.886988
0.705000	0.887707
0.706000	0.888424
0.707000	0.889138
0.708000	0.889851
0.709000	0.890561
0.710000	0.891270
0.711000	0.891976
0.712000	0.892680
0.713000	0.893382
0.714000	0.894082
0.715000	0.894779
0.716000	0.895474
0.717000	0.896168
0.718000	0.896859
0.719000	0.897548
0.720000	0.898234
0.721000	0.898919
0.722000	0.899601
0.723000	0.900282
0.724000	0.900960
0.725000	0.901635
0.726000	0.902309
0.727000	0.902981
0.728000	0.903650
0.729000	0.904317
0.730000	0.904982
0.731000	0.905645
0.732000	0.906305
0.733000	0.906964
0.734000	0.907620
0.735000	0.908274
0.736000	0.908926
0.737000	0.909575
0.738000	0.910223
0.739000	0.910868
0.740000	0.911511
0.741000	0.912152
0.742000	0.912790
0.743000	0.913427
0.744000	0.914061
0.745000	0.914693
0.746000	0.915322
0.747000	0.915950
0.748000	0.916575
0.749000	0.917198
0.750000	0.917819
0.751000	0.918438
0.752000	0.919054
0.753000	0.919668
0.754000	0.920280
0.755000	0.920890
0.756000	0.921497
0.757000	0.922102
0.758000	0.922705
0.759000	0.923306
0.760000	0.923905
0.761000	0.924501
0.762000	0.925095
0.763000	0.925687
0.764000	0.926276
0.765000	0.926863
0.766000	0.927449
0.767000	0.928031
0.768000	0.928612
0.769000	0.929190
0.770000	0.929766
0.771000	0.930340
0.772000	0.930911
0.773000	0.931481
0.774000	0.932047
0.775000	0.932612
0.776000	0.933175
0.777000	0.933735
0.778000	0.934293
0.779000	0.934848
0.780000	0.935402
0.781000	0.935953
0.782000	0.936502
0.783000	0.937048
0.784000	0.937592
0.785000	0.938134
0.786000	0.938674
0.787000	0.939211
0.788000	0.939747
0.789000	0.940279
0.790000	0.940810
0.791000	0.941338
0.792000	0.941864
0.793000	0.942388
0.794000	0.942909
0.795000	0.943428
0.796000	0.943945
0.797000	0.944460
0.798000	0.944972
0.799000	0.945482
0.800000	0.945989
0.801000	0.946495
0.802000	0.946998
0.803000	0.947498
0.804000	0.947997
0.805000	0.948493
0.806000	0.948986
0.807000	0.949478
0.808000	0.949967
0.809000	0.950454
0.810000	0.950938
0.811000	0.951421
0.812000	0.951900
0.813000	0.952378
0.814000	0.952853
0.815000	0.953326
0.816000	0.953797
0.817000	0.954265
0.818000	0.954731
0.819000	0.955194
0.820000	0.955656
0.821000	0.956114
0.822000	0.956571
0.823000	0.957025
0.824000	0.957477
0.825000	0.957927
0.826000	0.958374
0.827000	0.958819
0.828000	0.959262
0.829000	0.959702
0.830000	0.960140
0.831000	0.960575
0.832000	0.961008
0.833000	0.961439
0.834000	0.961868
0.835000	0.962294
0.836000	0.962718
0.837000	0.963139
0.838000	0.963558
0.839000	0.963975
0.840000	0.964390
0.841000	0.964802
0.842000	0.965211
0.843000	0.965619
0.844000	0.966024
0.845000	0.966426
0.846000	0.966826
0.847000	0.967224
0.848000	0.967620
0.849000	0.968013
0.850000	0.968404
0.851000	0.968792
0.852000	0.969178
0.853000	0.969562
0.854000	0.969943
0.855000	0.970322
0.856000	0.970699
0.857000	0.971073
0.858000	0.971445
0.859000	0.971814
0.860000	0.972181
0.861000	0.972546
0.862000	0.972908
0.863000	0.973268
0.864000	0.973626
0.865000	0.973981
0.866000	0.974334
0.867000	0.974684
0.868000	0.975032
0.869000	0.975378
0.870000	0.975721
0.871000	0.976062
0.872000	0.976401
0.873000	0.976737
0.874000	0.977071
0.875000	0.977402
0.876000	0.977731
0.877000	0.978057
0.878000	0.978381
0.879000	0.978703
0.880000	0.979023
0.881000	0.979339
0.882000	0.979654
0.883000	0.979966
0.884000	0.980276
0.885000	0.980583
0.886000	0.980888
0.887000	0.981191
0.888000	0.981491
0.889000	0.981789
0.890000	0.982084
0.891000	0.982377
0.892000	0.982667
0.893000	0.982956
0.894000	0.983241
0.895000	0.983525
0.896000	0.983805
0.897000	0.984084
0.898000	0.984360
0.899000	0.984634
0.900000	0.984905
0.901000	0.985174
0.902000	0.985440
0.903000	0.985704
0.904000	0.985966
0.905000	0.986225
0.906000	0.986481
0.907000	0.986736
0.908000	0.986988
0.909000	0.987237
0.910000	0.987484
0.911000	0.987729
0.912000	0.987971
0.913000	0.988211
0.914000	0.988448
0.915000	0.988683
0.916000	0.988916
0.917000	0.989146
0.918000	0.989374
0.919000	0.989599
0.920000	0.989822
0.921000	0.990042
0.922000	0.990260
0.923000	0.990475
0.924000	0.990689
0.925000	0.990899
0.926000	0.991107
0.927000	0.991313
0.928000	0.991517
0.929000	0.991718
0.930000	0.991916
0.931000	0.992112
0.932000	0.992306
0.933000	0.992497
0.934000	0.992686
0.935000	0.992872
0.936000	0.993056
0.937000	0.993237
0.938000	0.993416
0.939000	0.993593
0.940000	0.993767
0.941000	0.993939
0.942000	0.994108
0.943000	0.994275
0.944000	0.994439
0.945000	0.994601
0.946000	0.994760
0.947000	0.994918
0.948000	0.995072
0.949000	0.995224
0.950000	0.995374
0.951000	0.995521
0.952000	0.995666
0.953000	0.995808
0.954000	0.995948
0.955000	0.996086
0.956000	0.996221
0.957000	0.996353
0.958000	0.996483
0.959000	0.996611
0.960000	0.996736
0.961000	0.996859
0.962000	0.996979
0.963000	0.997097
0.964000	0.997213
0.965000	0.997326
0.966000	0.997436
0.967000	0.997544
0.968000	0.997650
0.969000	0.997753
0.970000	0.997854
0.971000	0.997952
0.972000	0.998048
0.973000	0.998141
0.974000	0.998232
0.975000	0.998320
0.976000	0.998406
0.977000	0.998490
0.978000	0.998571
0.979000	0.998649
0.980000	0.998726
0.981000	0.998799
0.982000	0.998870
0.983000	0.998939
0.984000	0.999005
0.985000	0.999069
0.986000	0.999131
0.987000	0.999190
0.988000	0.999246
0.989000	0.999300
0.990000	0.999352
0.991000	0.999401
0.992000	0.999447
0.993000	0.999492
0.994000	0.999533
0.995000	0.999573
0.996000	0.999609
0.997000	0.999644
0.998000	0.999676
0.999000	0.999705
1.000000	0.999732
1.001000	0.999756
1.002000	0.999779
1.003000	0.999798
1.004000	0.999815
1.005000	0.999830
1.006000	0.999842
1.007000	0.999852
1.008000	0.999859
1.009000	0.999864
1.010000	0.999866
1.011000	0.999866
1.012000	0.999863
1.013000	0.999858
1.014000	0.999851
1.015000	0.999841
1.016000	0.999828
1.017000	0.999813
1.018000	0.999796
1.019000	0.999776
1.020000	0.999754
1.021000	0.999729
1.022000	0.999702
1.023000	0.999672
1.024000	0.999640
1.025000	0.999605
1.026000	0.999568
1.027000	0.999529
1.028000	0.999487
1.029000	0.999442
1.030000	0.999395
1.031000	0.999346
1.032000	0.999294
1.033000	0.999239
1.034000	0.999183
1.035000	0.999123
1.036000	0.999062
1.037000	0.998997
1.038000	0.998931
1.039000	0.998862
1.040000	0.998790
1.041000	0.998716
1.042000	0.998639
1.043000	0.998560
1.044000	0.998479
1.045000	0.998395
1.046000	0.998309
1.047000	0.998220
1.048000	0.998129
1.049000	0.998035
1.050000	0.997939
1.051000	0.997840
1.052000	0.997739
1.053000	0.997635
1.054000	0.997529
1.055000	0.997420
1.056000	0.997309
1.057000	0.997196
1.058000	0.997080
1.059000	0.996962
1.060000	0.996841
1.061000	0.996718
1.062000	0.996592
1.063000	0.996463
1.064000	0.996333
1.065000	0.996200
1.066000	0.996064
1.067000	0.995926
1.068000	0.995785
1.069000	0.995642
1.070000	0.995497
1.071000	0.995349
1.072000	0.995199
1.073000	0.995046
1.074000	0.994890
1.075000	0.994733
1.076000	0.994572
1.077000	0.994410
1.078000	0.994245
1.079000	0.994077
1.080000	0.993907
1.081000	0.993735
1.082000	0.993560
1.083000	0.993382
1.084000	0.993202
1.085000	0.993020
1.086000	0.992835
1.087000	0.992648
1.088000	0.992458
1.089000	0.992266
1.090000	0.992072
1.091000	0.991875
1.092000	0.991675
1.093000	0.991473
1.094000	0.991269
1.095000	0.991062
1.096000	0.990853
1.097000	0.990641
1.098000	0.990427
1.099000	0.990210
1.100000	0.989991
1.101000	0.989769
1.102000	0.989545
1.103000	0.989319
1.104000	0.989090
1.105000	0.988859
1.106000	0.988625
1.107000	0.988389
1.108000	0.988150
1.109000	0.987909
1.110000	0.987665
1.111000	0.987419
1.112000	0.987171
1.113000	0.986920
1.114000	0.986666
1.115000	0.986411
1.116000	0.986152
1.117000	0.985892
1.118000	0.985629
1.119000	0.985363
1.120000	0.985095
1.121000	0.984825
1.122000	0.984552
1.123000	0.984276
1.124000	0.983999
1.125000	0.983718
1.126000	0.983436
1.127000	0.983151
1.128000	0.982863
1.129000	0.982573
1.130000	0.982281
1.131000	0.981986
1.132000	0.981689
1.133000	0.981389
1.134000	0.981087
1.135000	0.980783
1.136000	0.980476
1.137000	0.980166
1.138000	0.979854
1.139000	0.979540
1.140000	0.979223
1.141000	0.978904
1.142000	0.978583
1.143000	0.978259
1.144000	0.977932
1.145000	0.977604
1.146000	0.977272
1.147000	0.976939
1.148000	0.976603
1.149000	0.976264
1.150000	0.975923
1.151000	0.975580
1.152000	0.975234
1.153000	0.974886
1.154000	0.974535
1.155000	0.974182
1.156000	0.973827
1.157000	0.973469
1.158000	0.973109
1.159000	0.972746
1.160000	0.972381
1.161000	0.972013
1.162000	0.971643
1.163000	0.971271
1.164000	0.970896
1.165000	0.970519
1.166000	0.970139
1.167000	0.969757
1.168000	0.969373
1.169000	0.968986
1.170000	0.968597
1.171000	0.968205
1.172000	0.967811
1.173000	0.967415
1.174000	0.967016
1.175000	0.966615
1.176000	0.966211
1.177000	0.965805
1.178000	0.965397
1.179000	0.964986
1.180000	0.964573
1.181000	0.964157
1.182000	0.963739
1.183000	0.963319
1.184000	0.962896
1.185000	0.962471
1.186000	0.962043
1.187000	0.961613
1.188000	0.961181
1.189000	0.960746
1.190000	0.960309
1.191000	0.959869
1.192000	0.959427
1.193000	0.958983
1.194000	0.958536
1.195000	0.958087
1.196000	0.957635
1.197000	0.957182
1.198000	0.956725
1.199000	0.956267
1.200000	0.955806
1.201000	0.955342
1.202000	0.954876
1.203000	0.954408
1.204000	0.953938
1.205000	0.953465
1.206000	0.952990
1.207000	0.952512
1.208000	0.952032
1.209000	0.951549
1.210000	0.951065
1.211000	0.950578
1.212000	0.950088
1.213000	0.949596
1.214000	0.949102
1.215000	0.948605
1.216000	0.948106
1.217000	0.947605
1.218000	0.947101
1.219000	0.946595
1.220000	0.946087
1.221000	0.945576
1.222000	0.945063
1.223000	0.944548
1.224000	0.944030
1.225000	0.943509
1.226000	0.942987
1.227000	0.942462
1.228000	0.941935
1.229000	0.941405
1.230000	0.940873
1.231000	0.940339
1.232000	0.939802
1.233000	0.939263
1.234000	0.938722
1.235000	0.938178
1.236000	0.937632
1.237000	0.937084
1.238000	0.936533
1.239000	0.935980
1.240000	0.935425
1.241000	0.934867
1.242000	0.934307
1.243000	0.933745
1.244000	0.933180
1.245000	0.932613
1.246000	0.932044
1.247000	0.931472
1.248000	0.930898
1.249000	0.930322
1.250000	0.929743
1.251000	0.929162
1.252000	0.928578
1.253000	0.927993
1.254000	0.927405
1.255000	0.926815
1.256000	0.926222
1.257000	0.925627
1.258000	0.925030
1.259000	0.924430
1.260000	0.923828
1.261000	0.923224
1.262000	0.922618
1.263000	0.922009
1.264000	0.921398
1.265000	0.920784
1.266000	0.920169
1.267000	0.919551
1.268000	0.918930
1.269000	0.918308
1.270000	0.917683
1.271000	0.917056
1.272000	0.916426
1.273000	0.915794
1.274000	0.915160
1.275000	0.914524
1.276000	0.913885
1.277000	0.913244
1.278000	0.912601
1.279000	0.911955
1.280000	0.911308
1.281000	0.910657
1.282000	0.910005
1.283000	0.909350
1.284000	0.908693
1.285000	0.908034
1.286000	0.907373
1.287000	0.906709
1.288000	0.906043
1.289000	0.905374
1.290000	0.904704
1.291000	0.904031
1.292000	0.903356
1.293000	0.902678
1.294000	0.901999
1.295000	0.901317
1.296000	0.900632
1.297000	0.899946
1.298000	0.899257
1.299000	0.898566
1.300000	0.897873
1.301000	0.897177
1.302000	0.896480
1.303000	0.895779
1.304000	0.895077
1.305000	0.894373
1.306000	0.893666
1.307000	0.892957
1.308000	0.892246
1.309000	0.891532
1.310000	0.890816
1.311000	0.890098
1.312000	0.889378
1.313000	0.888656
1.314000	0.887931
1.315000	0.887204
1.316000	0.886475
1.317000	0.885743
1.318000	0.885010
1.319000	0.884274
1.320000	0.883536
1.321000	0.882795
1.322000	0.882053
1.323000	0.881308
1.324000	0.880561
1.325000	0.879812
1.326000	0.879060
1.327000	0.878307
1.328000	0.877551
1.329000	0.876793
1.330000	0.876033
1.331000	0.875270
1.332000	0.874505
1.333000	0.873738
1.334000	0.872969
1.335000	0.872198
1.336000	0.871424
1.337000	0.870649
1.338000	0.869871
1.339000	0.869091
1.340000	0.868308
1.341000	0.867524
1.342000	0.866737
1.343000	0.865948
1.344000	0.865157
1.345000	0.864364
1.346000	0.863569
1.347000	0.862771
1.348000	0.861971
1.349000	0.861169
1.350000	0.860365
1.351000	0.859559
1.352000	0.858750
1.353000	0.857939
1.354000	0.857127
1.355000	0.856312
1.356000	0.855494
1.357000	0.854675
1.358000	0.853853
1.359000	0.853030
1.360000	0.852204
1.361000	0.851376
1.362000	0.850546
1.363000	0.849713
1.364000	0.848879
1.365000	0.848042
1.366000	0.847204
1.367000	0.846363
1.368000	0.845520
1.369000	0.844674
1.370000	0.843827
1.371000	0.842977
1.372000	0.842126
1.373000	0.841272
1.374000	0.840416
1.375000	0.839558
1.376000	0.838698
1.377000	0.837836
1.378000	0.836971
1.379000	0.836105
1.380000	0.835236
1.381000	0.834365
1.382000	0.833492
1.383000	0.832617
1.384000	0.831740
1.385000	0.830861
1.386000	0.829979
1.387000	0.829096
1.388000	0.828210
1.389000	0.827322
1.390000	0.826432
1.391000	0.825541
1.392000	0.824646
1.393000	0.823750
1.394000	0.822852
1.395000	0.821952
1.396000	0.821049
1.397000	0.820145
1.398000	0.819238
1.399000	0.818329
1.400000	0.817419
1.401000	0.816506
1.402000	0.815591
1.403000	0.814674
1.404000	0.813755
1.405000	0.812833
1.406000	0.811910
1.407000	0.810985
1.408000	0.810057
1.409000	0.809128
1.410000	0.808196
1.411000	0.807263
1.412000	0.806327
1.413000	0.805389
1.414000	0.804449
1.415000	0.803507
1.416000	0.802563
1.417000	0.801618
1.418000	0.800669
1.419000	0.799719
1.420000	0.798767
1.421000	0.797813
1.422000	0.796857
1.423000	0.795898
1.424000	0.794938
1.425000	0.793976
1.426000	0.793011
1.427000	0.792045
1.428000	0.791077
1.429000	0.790106
1.430000	0.789134
1.431000	0.788159
1.432000	0.787183
1.433000	0.786204
1.434000	0.785223
1.435000	0.784241
1.436000	0.783256
1.437000	0.782269
1.438000	0.781281
1.439000	0.780290
1.440000	0.779297
1.441000	0.778303
1.442000	0.777306
1.443000	0.776307
1.444000	0.775307
1.445000	0.774304
1.446000	0.773299
1.447000	0.772293
1.448000	0.771284
1.449000	0.770273
1.450000	0.769261
1.451000	0.768246
1.452000	0.767230
1.453000	0.766211
1.454000	0.765190
1.455000	0.764168
1.456000	0.763143
1.457000	0.762117
1.458000	0.761089
1.459000	0.760058
1.460000	0.759026
1.461000	0.757991
1.462000	0.756955
1.463000	0.755917
1.464000	0.754877
1.465000	0.753835
1.466000	0.752790
1.467000	0.751744
1.468000	0.750696
1.469000	0.749646
1.470000	0.748595
1.471000	0.747541
1.472000	0.746485
1.473000	0.745427
1.474000	0.744368
1.475000	0.743306
1.476000	0.742243
1.477000	0.741177
1.478000	0.740110
1.479000	0.739041
1.480000	0.737969
1.481000	0.736896
1.482000	0.735821
1.483000	0.734744
1.484000	0.733665
1.485000	0.732585
1.486000	0.731502
1.487000	0.730417
1.488000	0.729331
1.489000	0.728243
1.490000	0.727152
1.491000	0.726060
1.492000	0.724966
1.493000	0.723870
1.494000	0.722772
1.495000	0.721673
1.496000	0.720571
1.497000	0.719468
1.498000	0.718362
1.499000	0.717255
1.500000	0.716146
1.501000	0.715035
1.502000	0.713922
1.503000	0.712807
1.504000	0.711691
1.505000	0.710572
1.506000	0.709452
1.507000	0.708330
1.508000	0.707206
1.509000	0.706080
1.510000	0.704952
1.511000	0.703823
1.512000	0.702691
1.513000	0.701558
1.514000	0.700423
1.515000	0.699286
1.516000	0.698147
1.517000	0.697007
1.518000	0.695864
1.519000	0.694720
1.520000	0.693574
1.521000	0.692426
1.522000	0.691277
1.523000	0.690125
1.524000	0.688972
1.525000	0.687817
1.526000	0.686660
1.527000	0.685501
1.528000	0.684340
1.529000	0.683178
1.530000	0.682014
1.531000	0.680848
1.532000	0.679680
1.533000	0.678510
1.534000	0.677339
1.535000	0.676166
1.536000	0.674991
1.537000	0.673814
1.538000	0.672636
1.539000	0.671455
1.540000	0.670273
1.541000	0.669089
1.542000	0.667904
1.543000	0.666717
1.544000	0.665527
1.545000	0.664337
1.546000	0.663144
1.547000	0.661949
1.548000	0.660753
1.549000	0.659555
1.550000	0.658356
1.551000	0.657154
1.552000	0.655951
1.553000	0.654746
1.554000	0.653540
1.555000	0.652331
1.556000	0.651121
1.557000	0.649909
1.558000	0.648696
1.559000	0.647481
1.560000	0.646264
1.561000	0.645045
1.562000	0.643824
1.563000	0.642602
1.564000	0.641378
1.565000	0.640153
1.566000	0.638926
1.567000	0.637697
1.568000	0.636466
1.569000	0.635234
1.570000	0.634000
1.571000	0.632764
1.572000	0.631526
1.573000	0.630287
1.574000	0.629046
1.575000	0.627804
1.576000	0.626560
1.577000	0.625314
1.578000	0.624066
1.579000	0.622817
1.580000	0.621566
1.581000	0.620314
1.582000	0.619060
1.583000	0.617804
1.584000	0.616546
1.585000	0.615287
1.586000	0.614026
1.587000	0.612764
1.588000	0.611500
1.589000	0.610234
1.590000	0.608967
1.591000	0.607698
1.592000	0.606427
1.593000	0.605155
1.594000	0.603881
1.595000	0.602605
1.596000	0.601328
1.597000	0.600049
1.598000	0.598769
1.599000	0.597487
1.600000	0.596203
1.601000	0.594918
1.602000	0.593631
1.603000	0.592343
1.604000	0.591053
1.605000	0.589761
1.606000	0.588468
1.607000	0.587173
1.608000	0.585877
1.609000	0.584579
1.610000	0.583280
1.611000	0.581978
1.612000	0.580676
1.613000	0.579372
1.614000	0.578066
1.615000	0.576758
1.616000	0.575449
1.617000	0.574139
1.618000	0.572827
1.619000	0.571513
1.620000	0.570198
1.621000	0.568882
1.622000	0.567563
1.623000	0.566244
1.624000	0.564922
1.625000	0.563600
1.626000	0.562275
1.627000	0.560949
1.628000	0.559622
1.629000	0.558293
1.630000	0.556963
1.631000	0.555631
1.632000	0.554297
1.633000	0.552962
1.634000	0.551626
1.635000	0.550288
1.636000	0.548948
1.637000	0.547608
1.638000	0.546265
1.639000	0.544921
1.640000	0.543576
1.641000	0.542229
1.642000	0.540881
1.643000	0.539531
1.644000	0.538180
1.645000	0.536827
1.646000	0.535473
1.647000	0.534117
1.648000	0.532760
1.649000	0.531401
1.650000	0.530041
1.651000	0.528680
1.652000	0.527317
1.653000	0.525953
1.654000	0.524587
1.655000	0.523220
1.656000	0.521851
1.657000	0.520481
1.658000	0.519110
1.659000	0.517737
1.660000	0.516362
1.661000	0.514987
1.662000	0.513610
1.663000	0.512231
1.664000	0.510851
1.665000	0.509470
1.666000	0.508087
1.667000	0.506703
1.668000	0.505318
1.669000	0.503931
1.670000	0.502543
1.671000	0.501153
1.672000	0.499762
1.673000	0.498370
1.674000	0.496976
1.675000	0.495581
1.676000	0.494185
1.677000	0.492787
1.678000	0.491388
1.679000	0.489988
1.680000	0.488586
1.681000	0.487183
1.682000	0.485779
1.683000	0.484373
1.684000	0.482966
1.685000	0.481558
1.686000	0.480148
1.687000	0.478737
1.688000	0.477325
1.689000	0.475911
1.690000	0.474496
1.691000	0.473080
1.692000	0.471663
1.693000	0.470244
1.694000	0.468824
1.695000	0.467403
1.696000	0.465980
1.697000	0.464556
1.698000	0.463131
1.699000	0.461705
1.700000	0.460277
1.701000	0.458848
1.702000	0.457418
1.703000	0.455987
1.704000	0.454554
1.705000	0.453120
1.706000	0.451685
1.707000	0.450249
1.708000	0.448811
1.709000	0.447373
1.710000	0.445933
1.711000	0.444492
1.712000	0.443049
1.713000	0.441606
1.714000	0.440161
1.715000	0.438715
1.716000	0.437268
1.717000	0.435820
1.718000	0.434370
1.719000	0.432920
1.720000	0.431468
1.721000	0.430015
1.722000	0.428561
1.723000	0.427105
1.724000	0.425649
1.725000	0.424191
1.726000	0.422732
1.727000	0.421273
1.728000	0.419812
1.729000	0.418349
1.730000	0.416886
1.731000	0.415422
1.732000	0.413956
1.733000	0.412490
1.734000	0.411022
1.735000	0.409553
1.736000	0.408083
1.737000	0.406612
1.738000	0.405140
1.739000	0.403667
1.740000	0.402193
1.741000	0.400717
1.742000	0.399241
1.743000	0.397764
1.744000	0.396285
1.745000	0.394806
1.746000	0.393325
1.747000	0.391843
1.748000	0.390361
1.749000	0.388877
1.750000	0.387392
1.751000	0.385906
1.752000	0.384420
1.753000	0.382932
1.754000	0.381443
1.755000	0.379953
1.756000	0.378463
1.757000	0.376971
1.758000	0.375478
1.759000	0.373984
1.760000	0.372490
1.761000	0.370994
1.762000	0.369497
1.763000	0.368000
1.764000	0.366501
1.765000	0.365001
1.766000	0.363501
1.767000	0.362000
1.768000	0.360497
1.769000	0.358994
1.770000	0.357490
1.771000	0.355985
1.772000	0.354479
1.773000	0.352972
1.774000	0.351464
1.775000	0.349955
1.776000	0.348445
1.777000	0.346935
1.778000	0.345423
1.779000	0.343911
1.780000	0.342398
1.781000	0.340884
1.782000	0.339369
1.783000	0.337853
1.784000	0.336337
1.785000	0.334819
1.786000	0.333301
1.787000	0.331782
1.788000	0.330262
1.789000	0.328741
1.790000	0.327220
1.791000	0.325697
1.792000	0.324174
1.793000	0.322650
1.794000	0.321125
1.795000	0.319600
1.796000	0.318073
1.797000	0.316546
1.798000	0.315018
1.799000	0.313490
1.800000	0.311960
1.801000	0.310430
1.802000	0.308899
1.803000	0.307367
1.804000	0.305835
1.805000	0.304302
1.806000	0.302768
1.807000	0.301233
1.808000	0.299698
1.809000	0.298162
1.810000	0.296625
1.811000	0.295088
1.812000	0.293550
1.813000	0.292011
1.814000	0.290471
1.815000	0.288931
1.816000	0.287390
1.817000	0.285849
1.818000	0.284307
1.819000	0.282764
1.820000	0.281220
1.821000	0.279676
1.822000	0.278132
1.823000	0.276586
1.824000	0.275040
1.825000	0.273494
1.826000	0.271946
1.827000	0.270399
1.828000	0.268850
1.829000	0.267301
1.830000	0.265752
1.831000	0.264201
1.832000	0.262651
1.833000	0.261099
1.834000	0.259547
1.835000	0.257995
1.836000	0.256442
1.837000	0.254888
1.838000	0.253334
1.839000	0.251780
1.840000	0.250224
1.841000	0.248669
1.842000	0.247113
1.843000	0.245556
1.844000	0.243999
1.845000	0.242441
1.846000	0.240883
1.847000	0.239324
1.848000	0.237765
1.849000	0.236205
1.850000	0.234645
1.851000	0.233084
1.852000	0.231523
1.853000	0.229962
1.854000	0.228400
1.855000	0.226838
1.856000	0.225275
1.857000	0.223711
1.858000	0.222148
1.859000	0.220584
1.860000	0.219019
1.861000	0.217454
1.862000	0.215889
1.863000	0.214323
1.864000	0.212757
1.865000	0.211191
1.866000	0.209624
1.867000	0.208057
1.868000	0.206489
1.869000	0.204921
1.870000	0.203353
1.871000	0.201784
1.872000	0.200215
1.873000	0.198646
1.874000	0.197076
1.875000	0.195506
1.876000	0.193936
1.877000	0.192365
1.878000	0.190794
1.879000	0.189223
1.880000	0.187651
1.881000	0.186080
1.882000	0.184508
1.883000	0.182935
1.884000	0.181362
1.885000	0.179790
1.886000	0.178216
1.887000	0.176643
1.888000	0.175069
1.889000	0.173495
1.890000	0.171921
1.891000	0.170347
1.892000	0.168772
1.893000	0.167197
1.894000	0.165622
1.895000	0.164047
1.896000	0.162471
1.897000	0.160896
1.898000	0.159320
1.899000	0.157744
1.900000	0.156168
1.901000	0.154591
1.902000	0.153015
1.903000	0.151438
1.904000	0.149861
1.905000	0.148284
1.906000	0.146707
1.907000	0.145129
1.908000	0.143552
1.909000	0.141974
1.910000	0.140396
1.911000	0.138818
1.912000	0.137240
1.913000	0.135662
1.914000	0.134084
1.915000	0.132506
1.916000	0.130927
1.917000	0.129349
1.918000	0.127770
1.919000	0.126191
1.920000	0.124612
1.921000	0.123034
1.922000	0.121455
1.923000	0.119876
1.924000	0.118297
1.925000	0.116718
1.926000	0.115138
1.927000	0.113559
1.928000	0.111980
1.929000	0.110401
1.930000	0.108822
1.931000	0.107242
1.932000	0.105663
1.933000	0.104084
1.934000	0.102504
1.935000	0.100925
1.936000	0.099346
1.937000	0.097766
1.938000	0.096187
1.939000	0.094608
1.940000	0.093029
1.941000	0.091449
1.942000	0.089870
1.943000	0.088291
1.944000	0.086712
1.945000	0.085133
1.946000	0.083554
1.947000	0.081975
1.948000	0.080396
1.949000	0.078817
1.950000	0.077239
1.951000	0.075660
1.952000	0.074081
1.953000	0.072503
1.954000	0.070924
1.955000	0.069346
1.956000	0.067768
1.957000	0.066190
1.958000	0.064612
1.959000	0.063034
1.960000	0.061456
1.961000	0.059878
1.962000	0.058301
1.963000	0.056723
1.964000	0.055146
1.965000	0.053569
1.966000	0.051992
1.967000	0.050415
1.968000	0.048838
1.969000	0.047262
1.970000	0.045685
1.971000	0.044109
1.972000	0.042533
1.973000	0.040957
1.974000	0.039381
1.975000	0.037806
1.976000	0.036231
1.977000	0.034655
1.978000	0.033081
1.979000	0.031506
1.980000	0.029931
1.981000	0.028357
1.982000	0.026783
1.983000	0.025209
1.984000	0.023635
1.985000	0.022062
1.986000	0.020488
1.987000	0.018915
1.988000	0.017342
1.989000	0.015770
1.990000	0.014197
1.991000	0.012625
1.992000	0.011053
1.993000	0.009482
1.994000	0.007910
1.995000	0.006339
1.996000	0.004768
1.997000	0.003198
1.998000	0.001627
1.999000	0.000057
2.000000	-0.001512
2.001000	-0.003082
2.002000	-0.004651
2.003000	-0.006220
2.004000	-0.007789
2.005000	-0.009357
2.006000	-0.010925
2.007000	-0.012493
2.008000	-0.014060
2.009000	-0.015627
2.010000	-0.017194
2.011000	-0.018761
2.012000	-0.020327
2.013000	-0.021893
2.014000	-0.023459
2.015000	-0.025024
2.016000	-0.026589
2.017000	-0.028153
2.018000	-0.029718
2.019000	-0.031281
2.020000	-0.032845
2.021000	-0.034408
2.022000	-0.035971
2.023000	-0.037533
2.024000	-0.039095
2.025000	-0.040657
2.026000	-0.042218
2.027000	-0.043779
2.028000	-0.045340
2.029000	-0.046901
2.030000	-0.048461
2.031000	-0.050020
2.032000	-0.051580
2.033000	-0.053139
2.034000	-0.054697
2.035000	-0.056255
2.036000	-0.057813
2.037000	-0.059370
2.038000	-0.060927
2.039000	-0.062483
2.040000	-0.064039
2.041000	-0.065595
2.042000	-0.067150
2.043000	-0.068704
2.044000	-0.070258
2.045000	-0.071812
2.046000	-0.073366
2.047000	-0.074919
2.048000	-0.076472
2.049000	-0.078024
2.050000	-0.079576
2.051000	-0.081128
2.052000	-0.082679
2.053000	-0.084230
2.054000	-0.085780
2.055000	-0.087330
2.056000	-0.088880
2.057000	-0.090429
2.058000	-0.091977
2.059000	-0.093525
2.060000	-0.095072
2.061000	-0.096618
2.062000	-0.098164
2.063000	-0.099710
2.064000	-0.101255
2.065000	-0.102800
2.066000	-0.104344
2.067000	-0.105888
2.068000	-0.107432
2.069000	-0.108975
2.070000	-0.110518
2.071000	-0.112060
2.072000	-0.113603
2.073000	-0.115144
2.074000	-0.116686
2.075000	-0.118227
2.076000	-0.119767
2.077000	-0.121306
2.078000	-0.122845
2.079000	-0.124383
2.080000	-0.125921
2.081000	-0.127457
2.082000	-0.128993
2.083000	-0.130529
2.084000	-0.132064
2.085000	-0.133598
2.086000	-0.135132
2.087000	-0.136666
2.088000	-0.138199
2.089000	-0.139732
2.090000	-0.141265
2.091000	-0.142798
2.092000	-0.144330
2.093000	-0.145861
2.094000	-0.147392
2.095000	-0.148923
2.096000	-0.150453
2.097000	-0.151982
2.098000	-0.153511
2.099000	-0.155038
2.100000	-0.156565
2.101000	-0.158091
2.102000	-0.159616
2.103000	-0.161141
2.104000	-0.162665
2.105000	-0.164188
2.106000	-0.165711
2.107000	-0.167234
2.108000	-0.168756
2.109000	-0.170278
2.110000	-0.171800
2.111000	-0.173321
2.112000	-0.174842
2.113000	-0.176362
2.114000	-0.177882
2.115000	-0.179401
2.116000	-0.180920
2.117000	-0.182438
2.118000	-0.183955
2.119000	-0.185471
2.120000	-0.186986
2.121000	-0.188501
2.122000	-0.190015
2.123000	-0.191528
2.124000	-0.193040
2.125000	-0.194552
2.126000	-0.196063
2.127000	-0.197574
2.128000	-0.199084
2.129000	-0.200594
2.130000	-0.202104
2.131000	-0.203613
2.132000	-0.205121
2.133000	-0.206629
2.134000	-0.208137
2.135000	-0.209644
2.136000	-0.211150
2.137000	-0.212655
2.138000	-0.214160
2.139000	-0.215664
2.140000	-0.217167
2.141000	-0.218669
2.142000	-0.220171
2.143000	-0.221671
2.144000	-0.223171
2.145000	-0.224671
2.146000	-0.226170
2.147000	-0.227668
2.148000	-0.229166
2.149000	-0.230663
2.150000	-0.232159
2.151000	-0.233655
2.152000	-0.235151
2.153000	-0.236646
2.154000	-0.238140
2.155000	-0.239633
2.156000	-0.241126
2.157000	-0.242618
2.158000	-0.244110
2.159000	-0.245600
2.160000	-0.247090
2.161000	-0.248579
2.162000	-0.250068
2.163000	-0.251555
2.164000	-0.253042
2.165000	-0.254528
2.166000	-0.256014
2.167000	-0.257499
2.168000	-0.258983
2.169000	-0.260466
2.170000	-0.261949
2.171000	-0.263431
2.172000	-0.264913
2.173000	-0.266394
2.174000	-0.267874
2.175000	-0.269353
2.176000	-0.270832
2.177000	-0.272310
2.178000	-0.273787
2.179000	-0.275264
2.180000	-0.276740
2.181000	-0.278214
2.182000	-0.279689
2.183000	-0.281162
2.184000	-0.282635
2.185000	-0.284107
2.186000	-0.285578
2.187000	-0.287049
2.188000	-0.288519
2.189000	-0.289988
2.190000	-0.291456
2.191000	-0.292924
2.192000	-0.294390
2.193000	-0.295857
2.194000	-0.297322
2.195000	-0.298786
2.196000	-0.300250
2.197000	-0.301713
2.198000	-0.303176
2.199000	-0.304637
2.200000	-0.306098
2.201000	-0.307558
2.202000	-0.309017
2.203000	-0.310475
2.204000	-0.311933
2.205000	-0.313390
2.206000	-0.314846
2.207000	-0.316301
2.208000	-0.317756
2.209000	-0.319210
2.210000	-0.320662
2.211000	-0.322115
2.212000	-0.323566
2.213000	-0.325016
2.214000	-0.326466
2.215000	-0.327915
2.216000	-0.329363
2.217000	-0.330810
2.218000	-0.332257
2.219000	-0.333703
2.220000	-0.335148
2.221000	-0.336592
2.222000	-0.338035
2.223000	-0.339477
2.224000	-0.340919
2.225000	-0.342360
2.226000	-0.343799
2.227000	-0.345239
2.228000	-0.346677
2.229000	-0.348114
2.230000	-0.349551
2.231000	-0.350987
2.232000	-0.352421
2.233000	-0.353855
2.234000	-0.355289
2.235000	-0.356721
2.236000	-0.358153
2.237000	-0.359583
2.238000	-0.361013
2.239000	-0.362442
2.240000	-0.363870
2.241000	-0.365297
2.242000	-0.366723
2.243000	-0.368149
2.244000	-0.369573
2.245000	-0.370997
2.246000	-0.372420
2.247000	-0.373842
2.248000	-0.375263
2.249000	-0.376683
2.250000	-0.378103
2.251000	-0.379521
2.252000	-0.380938
2.253000	-0.382355
2.254000	-0.383771
2.255000	-0.385186
2.256000	-0.386600
2.257000	-0.388013
2.258000	-0.389425
2.259000	-0.390836
2.260000	-0.392246
2.261000	-0.393655
2.262000	-0.395064
2.263000	-0.396471
2.264000	-0.397878
2.265000	-0.399284
2.266000	-0.400688
2.267000	-0.402092
2.268000	-0.403495
2.269000	-0.404897
2.270000	-0.406298
2.271000	-0.407698
2.272000	-0.409097
2.273000	-0.410496
2.274000	-0.411893
2.275000	-0.413289
2.276000	-0.414684
2.277000	-0.416079
2.278000	-0.417472
2.279000	-0.418865
2.280000	-0.420256
2.281000	-0.421647
2.282000	-0.423036
2.283000	-0.424425
2.284000	-0.425813
2.285000	-0.427199
2.286000	-0.428585
2.287000	-0.429970
2.288000	-0.431353
2.289000	-0.432736
2.290000	-0.434118
2.291000	-0.435498
2.292000	-0.436878
2.293000	-0.438257
2.294000	-0.439634
2.295000	-0.441011
2.296000	-0.442387
2.297000	-0.443762
2.298000	-0.445135
2.299000	-0.446508
2.300000	-0.447880
2.301000	-0.449250
2.302000	-0.450620
2.303000	-0.451988
2.304000	-0.453356
2.305000	-0.454723
2.306000	-0.456088
2.307000	-0.457452
2.308000	-0.458816
2.309000	-0.460178
2.310000	-0.461540
2.311000	-0.462900
2.312000	-0.464259
2.313000	-0.465617
2.314000	-0.466974
2.315000	-0.468330
2.316000	-0.469685
2.317000	-0.471039
2.318000	-0.472392
2.319000	-0.473744
2.320000	-0.475095
2.321000	-0.476444
2.322000	-0.477793
2.323000	-0.479140
2.324000	-0.480487
2.325000	-0.481832
2.326000	-0.483176
2.327000	-0.484519
2.328000	-0.485862
2.329000	-0.487202
2.330000	-0.488542
2.331000	-0.489881
2.332000	-0.491219
2.333000	-0.492555
2.334000	-0.493891
2.335000	-0.495225
2.336000	-0.496558
2.337000	-0.497890
2.338000	-0.499221
2.339000	-0.500551
2.340000	-0.501879
2.341000	-0.503207
2.342000	-0.504533
2.343000	-0.505858
2.344000	-0.507183
2.345000	-0.508506
2.346000	-0.509827
2.347000	-0.511148
2.348000	-0.512467
2.349000	-0.513786
2.350000	-0.515103
2.351000	-0.516419
2.352000	-0.517734
2.353000	-0.519048
2.354000	-0.520360
2.355000	-0.521671
2.356000	-0.522982
2.357000	-0.524291
2.358000	-0.525598
2.359000	-0.526905
2.360000	-0.528210
2.361000	-0.529515
2.362000	-0.530818
2.363000	-0.532120
2.364000	-0.533420
2.365000	-0.534720
2.366000	-0.536018
2.367000	-0.537315
2.368000	-0.538611
2.369000	-0.539905
2.370000	-0.541199
2.371000	-0.542491
2.372000	-0.543782
2.373000	-0.545071
2.374000	-0.546360
2.375000	-0.547647
2.376000	-0.548933
2.377000	-0.550218
2.378000	-0.551501
2.379000	-0.552783
2.380000	-0.554064
2.381000	-0.555344
2.382000	-0.556623
2.383000	-0.557900
2.384000	-0.559176
2.385000	-0.560451
2.386000	-0.561724
2.387000	-0.562996
2.388000	-0.564267
2.389000	-0.565537
2.390000	-0.566805
2.391000	-0.568072
2.392000	-0.569338
2.393000	-0.570602
2.394000	-0.571866
2.395000	-0.573128
2.396000	-0.574388
2.397000	-0.575647
2.398000	-0.576905
2.399000	-0.578162
2.400000	-0.579417
2.401000	-0.580672
2.402000	-0.581924
2.403000	-0.583176
2.404000	-0.584426
2.405000	-0.585675
2.406000	-0.586922
2.407000	-0.588168
2.408000	-0.589413
2.409000	-0.590656
2.410000	-0.591899
2.411000	-0.593139
2.412000	-0.594379
2.413000	-0.595617
2.414000	-0.596853
2.415000	-0.598089
2.416000	-0.599323
2.417000	-0.600555
2.418000	-0.601787
2.419000	-0.603017
2.420000	-0.604245
2.421000	-0.605472
2.422000	-0.606698
2.423000	-0.607923
2.424000	-0.609146
2.425000	-0.610367
2.426000	-0.611587
2.427000	-0.612806
2.428000	-0.614024
2.429000	-0.615240
2.430000	-0.616454
2.431000	-0.617668
2.432000	-0.618879
2.433000	-0.620090
2.434000	-0.621299
2.435000	-0.622506
2.436000	-0.623713
2.437000	-0.624917
2.438000	-0.626121
2.439000	-0.627323
2.440000	-0.628523
2.441000	-0.629722
2.442000	-0.630920
2.443000	-0.632116
2.444000	-0.633311
2.445000	-0.634504
2.446000	-0.635696
2.447000	-0.636886
2.448000	-0.638075
2.449000	-0.639262
2.450000	-0.640448
2.451000	-0.641633
2.452000	-0.642816
2.453000	-0.643997
2.454000	-0.645177
2.455000	-0.646356
2.456000	-0.647533
2.457000	-0.648709
2.458000	-0.649883
2.459000	-0.651056
2.460000	-0.652227
2.461000	-0.653396
2.462000	-0.654565
2.463000	-0.655731
2.464000	-0.656896
2.465000	-0.658060
2.466000	-0.659222
2.467000	-0.660383
2.468000	-0.661542
2.469000	-0.662700
2.470000	-0.663856
2.471000	-0.665010
2.472000	-0.666163
2.473000	-0.667315
2.474000	-0.668464
2.475000	-0.669613
2.476000	-0.670760
2.477000	-0.671905
2.478000	-0.673049
2.479000	-0.674191
2.480000	-0.675332
2.481000	-0.676471
2.482000	-0.677608
2.483000	-0.678744
2.484000	-0.679879
2.485000	-0.681011
2.486000	-0.682143
2.487000	-0.683272
2.488000	-0.684400
2.489000	-0.685527
2.490000	-0.686652
2.491000	-0.687775
2.492000	-0.688897
2.493000	-0.690017
2.494000	-0.691136
2.495000	-0.692253
2.496000	-0.693368
2.497000	-0.694482
2.498000	-0.695594
2.499000	-0.696705
2.500000	-0.697814
2.501000	-0.698921
2.502000	-0.700027
2.503000	-0.701131
2.504000	-0.702233
2.505000	-0.703334
2.506000	-0.704433
2.507000	-0.705531
2.508000	-0.706627
2.509000	-0.707721
2.510000	-0.708813
2.511000	-0.709904
2.512000	-0.710994
2.513000	-0.712081
2.514000	-0.713167
2.515000	-0.714252
2.516000	-0.715334
2.517000	-0.716416
2.518000	-0.717495
2.519000	-0.718573
2.520000	-0.719649
2.521000	-0.720723
2.522000	-0.721796
2.523000	-0.722867
2.524000	-0.723936
2.525000	-0.725004
2.526000	-0.726069
2.527000	-0.727134
2.528000	-0.728196
2.529000	-0.729257
2.530000	-0.730316
2.531000	-0.731374
2.532000	-0.732429
2.533000	-0.733483
2.534000	-0.734536
2.535000	-0.735586
2.536000	-0.736635
2.537000	-0.737682
2.538000	-0.738728
2.539000	-0.739771
2.540000	-0.740813
2.541000	-0.741854
2.542000	-0.742892
2.543000	-0.743929
2.544000	-0.744964
2.545000	-0.745997
2.546000	-0.747029
2.547000	-0.748058
2.548000	-0.749086
2.549000	-0.750113
2.550000	-0.751137
2.551000	-0.752160
2.552000	-0.753181
2.553000	-0.754200
2.554000	-0.755217
2.555000	-0.756233
2.556000	-0.757247
2.557000	-0.758259
2.558000	-0.759269
2.559000	-0.760278
2.560000	-0.761285
2.561000	-0.762290
2.562000	-0.763293
2.563000	-0.764294
2.564000	-0.765294
2.565000	-0.766292
2.566000	-0.767288
2.567000	-0.768282
2.568000	-0.769274
2.569000	-0.770265
2.570000	-0.771253
2.571000	-0.772240
2.572000	-0.773225
2.573000	-0.774209
2.574000	-0.775190
2.575000	-0.776170
2.576000	-0.777148
2.577000	-0.778124
2.578000	-0.779098
2.579000	-0.780070
2.580000	-0.781040
2.581000	-0.782009
2.582000	-0.782976
2.583000	-0.783941
2.584000	-0.784904
2.585000	-0.785865
2.586000	-0.786824
2.587000	-0.787782
2.588000	-0.788737
2.589000	-0.789691
2.590000	-0.790643
2.591000	-0.791593
2.592000	-0.792541
2.593000	-0.793487
2.594000	-0.794432
2.595000	-0.795374
2.596000	-0.796315
2.597000	-0.797254
2.598000	-0.798191
2.599000	-0.799126
2.600000	-0.800059
2.601000	-0.800990
2.602000	-0.801919
2.603000	-0.802847
2.604000	-0.803772
2.605000	-0.804696
2.606000	-0.805617
2.607000	-0.806537
2.608000	-0.807455
2.609000	-0.808371
2.610000	-0.809285
2.611000	-0.810197
2.612000	-0.811107
2.613000	-0.812015
2.614000	-0.812922
2.615000	-0.813826
2.616000	-0.814728
2.617000	-0.815629
2.618000	-0.816527
2.619000	-0.817424
2.620000	-0.818319
2.621000	-0.819211
2.622000	-0.820102
2.623000	-0.820991
2.624000	-0.821878
2.625000	-0.822763
2.626000	-0.823646
2.627000	-0.824527
2.628000	-0.825406
2.629000	-0.826283
2.630000	-0.827158
2.631000	-0.828031
2.632000	-0.828902
2.633000	-0.829771
2.634000	-0.830639
2.635000	-0.831504
2.636000	-0.832367
2.637000	-0.833228
2.638000	-0.834088
2.639000	-0.834945
2.640000	-0.835800
2.641000	-0.836653
2.642000	-0.837505
2.643000	-0.838354
2.644000	-0.839201
2.645000	-0.840046
2.646000	-0.840890
2.647000	-0.841731
2.648000	-0.842570
2.649000	-0.843408
2.650000	-0.844243
2.651000	-0.845076
2.652000	-0.845907
2.653000	-0.846736
2.654000	-0.847563
2.655000	-0.848389
2.656000	-0.849212
2.657000	-0.850033
2.658000	-0.850852
2.659000	-0.851669
2.660000	-0.852484
2.661000	-0.853296
2.662000	-0.854107
2.663000	-0.854916
2.664000	-0.855723
2.665000	-0.856528
2.666000	-0.857330
2.667000	-0.858131
2.668000	-0.858929
2.669000	-0.859726
2.670000	-0.860520
2.671000	-0.861313
2.672000	-0.862103
2.673000	-0.862891
2.674000	-0.863677
2.675000	-0.864461
2.676000	-0.865243
2.677000	-0.866023
2.678000	-0.866801
2.679000	-0.867577
2.680000	-0.868351
2.681000	-0.869122
2.682000	-0.869892
2.683000	-0.870659
2.684000	-0.871424
2.685000	-0.872188
2.686000	-0.872949
2.687000	-0.873708
2.688000	-0.874465
2.689000	-0.875220
2.690000	-0.875972
2.691000	-0.876723
2.692000	-0.877472
2.693000	-0.878218
2.694000	-0.878962
2.695000	-0.879704
2.696000	-0.880445
2.697000	-0.881182
2.698000	-0.881918
2.699000	-0.882652
2.700000	-0.883384
2.701000	-0.884113
2.702000	-0.884840
2.703000	-0.885566
2.704000	-0.886289
2.705000	-0.887010
2.706000	-0.887728
2.707000	-0.888445
2.708000	-0.889159
2.709000	-0.889872
2.710000	-0.890582
2.711000	-0.891290
2.712000	-0.891996
2.713000	-0.892700
2.714000	-0.893401
2.715000	-0.894101
2.716000	-0.894798
2.717000	-0.895493
2.718000	-0.896186
2.719000	-0.896877
2.720000	-0.897566
2.721000	-0.898252
2.722000	-0.898937
2.723000	-0.899619
2.724000	-0.900299
2.725000	-0.900976
2.726000	-0.901652
2.727000	-0.902326
2.728000	-0.902997
2.729000	-0.903666
2.730000	-0.904333
2.731000	-0.904997
2.732000	-0.905660
2.733000	-0.906320
2.734000	-0.906978
2.735000	-0.907634
2.736000	-0.908288
2.737000	-0.908940
2.738000	-0.909589
2.739000	-0.910236
2.740000	-0.910881
2.741000	-0.911524
2.742000	-0.912165
2.743000	-0.912803
2.744000	-0.913439
2.745000	-0.914073
2.746000	-0.914705
2.747000	-0.915334
2.748000	-0.915962
2.749000	-0.916587
2.750000	-0.917209
2.751000	-0.917830
2.752000	-0.918448
2.753000	-0.919065
2.754000	-0.919679
2.755000	-0.920290
2.756000	-0.920900
2.757000	-0.921507
2.758000	-0.922112
2.759000	-0.922715
2.760000	-0.923315
2.761000	-0.923914
2.762000	-0.924510
2.763000	-0.925104
2.764000	-0.925695
2.765000	-0.926285
2.766000	-0.926872
2.767000	-0.927457
2.768000	-0.928039
2.769000	-0.928620
2.770000	-0.929198
2.771000	-0.929773
2.772000	-0.930347
2.773000	-0.930918
2.774000	-0.931487
2.775000	-0.932054
2.776000	-0.932619
2.777000	-0.933181
2.778000	-0.933741
2.779000	-0.934299
2.780000	-0.934854
2.781000	-0.935407
2.782000	-0.935958
2.783000	-0.936507
2.784000	-0.937053
2.785000	-0.937598
2.786000	-0.938139
2.787000	-0.938679
2.788000	-0.939216
2.789000	-0.939751
2.790000	-0.940284
2.791000	-0.940814
2.792000	-0.941342
2.793000	-0.941868
2.794000	-0.942392
2.795000	-0.942913
2.796000	-0.943432
2.797000	-0.943949
2.798000	-0.944463
2.799000	-0.944975
2.800000	-0.945485
2.801000	-0.945992
2.802000	-0.946497
2.803000	-0.947000
2.804000	-0.947501
2.805000	-0.947999
2.806000	-0.948495
2.807000	-0.948989
2.808000	-0.949480
2.809000	-0.949969
2.810000	-0.950456
2.811000	-0.950940
2.812000	-0.951422
2.813000	-0.951902
2.814000	-0.952379
2.815000	-0.952854
2.816000	-0.953327
2.817000	-0.953798
2.818000	-0.954266
2.819000	-0.954732
2.820000	-0.955195
2.821000	-0.955656
2.822000	-0.956115
2.823000	-0.956572
2.824000	-0.957026
2.825000	-0.957478
2.826000	-0.957927
2.827000	-0.958374
2.828000	-0.958819
2.829000	-0.959262
2.830000	-0.959702
2.831000	-0.960140
2.832000	-0.960575
2.833000	-0.961008
2.834000	-0.961439
2.835000	-0.961867
2.836000	-0.962294
2.837000	-0.962717
2.838000	-0.963139
2.839000	-0.963558
2.840000	-0.963974
2.841000	-0.964389
2.842000	-0.964801
2.843000	-0.965210
2.844000	-0.965618
2.845000	-0.966023
2.846000	-0.966425
2.847000	-0.966825
2.848000	-0.967223
2.849000	-0.967619
2.850000	-0.968012
2.851000	-0.968403
2.852000	-0.968791
2.853000	-0.969177
2.854000	-0.969561
2.855000	-0.969942
2.856000	-0.970321
2.857000	-0.970697
2.858000	-0.971071
2.859000	-0.971443
2.860000	-0.971813
2.861000	-0.972180
2.862000	-0.972544
2.863000	-0.972907
2.864000	-0.973267
2.865000	-0.973624
2.866000	-0.973979
2.867000	-0.974332
2.868000	-0.974682
2.869000	-0.975030
2.870000	-0.975376
2.871000	-0.975719
2.872000	-0.976060
2.873000	-0.976399
2.874000	-0.976735
2.875000	-0.977068
2.876000	-0.977400
2.877000	-0.977728
2.878000	-0.978055
2.879000	-0.978379
2.880000	-0.978701
2.881000	-0.979020
2.882000	-0.979337
2.883000	-0.979652
2.884000	-0.979964
2.885000	-0.980273
2.886000	-0.980581
2.887000	-0.980886
2.888000	-0.981188
2.889000	-0.981488
2.890000	-0.981786
2.891000	-0.982081
2.892000	-0.982374
2.893000	-0.982665
2.894000	-0.982953
2.895000	-0.983239
2.896000	-0.983522
2.897000	-0.983803
2.898000	-0.984081
2.899000	-0.984357
2.900000	-0.984631
2.901000	-0.984902
2.902000	-0.985171
2.903000	-0.985438
2.904000	-0.985702
2.905000	-0.985963
2.906000	-0.986222
2.907000	-0.986479
2.908000	-0.986733
2.909000	-0.986985
2.910000	-0.987235
2.911000	-0.987482
2.912000	-0.987726
2.913000	-0.987969
2.914000	-0.988208
2.915000	-0.988446
2.916000	-0.988681
2.917000	-0.988913
2.918000	-0.989143
2.919000	-0.989371
2.920000	-0.989596
2.921000	-0.989819
2.922000	-0.990040
2.923000	-0.990258
2.924000	-0.990473
2.925000	-0.990686
2.926000	-0.990897
2.927000	-0.991105
2.928000	-0.991311
2.929000	-0.991514
2.930000	-0.991715
2.931000	-0.991914
2.932000	-0.992110
2.933000	-0.992303
2.934000	-0.992495
2.935000	-0.992683
2.936000	-0.992870
2.937000	-0.993054
2.938000	-0.993235
2.939000	-0.993414
2.940000	-0.993591
2.941000	-0.993765
2.942000	-0.993937
2.943000	-0.994106
2.944000	-0.994273
2.945000	-0.994437
2.946000	-0.994599
2.947000	-0.994759
2.948000	-0.994916
2.949000	-0.995070
2.950000	-0.995222
2.951000	-0.995372
2.952000	-0.995519
2.953000	-0.995664
2.954000	-0.995807
2.955000	-0.995946
2.956000	-0.996084
2.957000	-0.996219
2.958000	-0.996352
2.959000	-0.996482
2.960000	-0.996609
2.961000	-0.996735
2.962000	-0.996858
2.963000	-0.996978
2.964000	-0.997096
2.965000	-0.997211
2.966000	-0.997324
2.967000	-0.997435
2.968000	-0.997543
2.969000	-0.997648
2.970000	-0.997752
2.971000	-0.997852
2.972000	-0.997951
2.973000	-0.998046
2.974000	-0.998140
2.975000	-0.998231
2.976000	-0.998319
2.977000	-0.998405
2.978000	-0.998489
2.979000	-0.998570
2.980000	-0.998648
2.981000	-0.998725
2.982000	-0.998798
2.983000	-0.998870
2.984000	-0.998938
2.985000	-0.999005
2.986000	-0.999069
2.987000	-0.999130
2.988000	-0.999189
2.989000	-0.999245
2.990000	-0.999300
2.991000	-0.999351
2.992000	-0.999400
2.993000	-0.999447
2.994000	-0.999491
2.995000	-0.999533
2.996000	-0.999572
2.997000	-0.999609
2.998000	-0.999643
2.999000	-0.999675
3.000000	-0.999705
3.001000	-0.999732
3.002000	-0.999756
3.003000	-0.999778
3.004000	-0.999798
3.005000	-0.999815
3.006000	-0.999830
3.007000	-0.999842
3.008000	-0.999852
3.009000	-0.999859
3.010000	-0.999864
3.011000	-0.999866
3.012000	-0.999866
3.013000	-0.999863
3.014000	-0.999858
3.015000	-0.999851
3.016000	-0.999841
3.017000	-0.999828
3.018000	-0.999814
3.019000	-0.999796
3.020000	-0.999776
3.021000	-0.999754
3.022000	-0.999729
3.023000	-0.999702
3.024000	-0.999673
3.025000	-0.999640
3.026000	-0.999606
3.027000	-0.999569
3.028000	-0.999529
3.029000	-0.999487
3.030000	-0.999443
3.031000	-0.999396
3.032000	-0.999346
3.033000	-0.999295
3.034000	-0.999240
3.035000	-0.999183
3.036000	-0.999124
3.037000	-0.999063
3.038000	-0.998998
3.039000	-0.998932
3.040000	-0.998863
3.041000	-0.998791
3.042000	-0.998717
3.043000	-0.998641
3.044000	-0.998562
3.045000	-0.998480
3.046000	-0.998396
3.047000	-0.998310
3.048000	-0.998221
3.049000	-0.998130
3.050000	-0.998036
3.051000	-0.997940
3.052000	-0.997841
3.053000	-0.997740
3.054000	-0.997636
3.055000	-0.997530
3.056000	-0.997422
3.057000	-0.997311
3.058000	-0.997198
3.059000	-0.997082
3.060000	-0.996963
3.061000	-0.996843
3.062000	-0.996719
3.063000	-0.996593
3.064000	-0.996465
3.065000	-0.996335
3.066000	-0.996202
3.067000	-0.996066
3.068000	-0.995928
3.069000	-0.995787
3.070000	-0.995644
3.071000	-0.995499
3.072000	-0.995351
3.073000	-0.995201
3.074000	-0.995048
3.075000	-0.994893
3.076000	-0.994735
3.077000	-0.994575
3.078000	-0.994412
3.079000	-0.994247
3.080000	-0.994080
3.081000	-0.993909
3.082000	-0.993737
3.083000	-0.993562
3.084000	-0.993385
3.085000	-0.993205
3.086000	-0.993023
3.087000	-0.992838
3.088000	-0.992651
3.089000	-0.992461
3.090000	-0.992269
3.091000	-0.992074
3.092000	-0.991877
3.093000	-0.991678
3.094000	-0.991476
3.095000	-0.991272
3.096000	-0.991065
3.097000	-0.990856
3.098000	-0.990644
3.099000	-0.990430
3.100000	-0.990213
3.101000	-0.989994
3.102000	-0.989773
3.103000	-0.989549
3.104000	-0.989322
3.105000	-0.989093
3.106000	-0.988862
3.107000	-0.988628
3.108000	-0.988392
3.109000	-0.988153
3.110000	-0.987912
3.111000	-0.987669
3.112000	-0.987423
3.113000	-0.987174
3.114000	-0.986924
3.115000	-0.986670
3.116000	-0.986415
3.117000	-0.986156
3.118000	-0.985896
3.119000	-0.985633
3.120000	-0.985367
3.121000	-0.985099
3.122000	-0.984829
3.123000	-0.984556
3.124000	-0.984281
3.125000	-0.984003
3.126000	-0.983723
3.127000	-0.983440
3.128000	-0.983155
3.129000	-0.982868
3.130000	-0.982578
3.131000	-0.982286
3.132000	-0.981991
3.133000	-0.981694
3.134000	-0.981394
3.135000	-0.981092
3.136000	-0.980788
3.137000	-0.980481
3.138000	-0.980171
3.139000	-0.979860
3.140000	-0.979545
3.141000	-0.979229
3.142000	-0.978910
3.143000	-0.978588
3.144000	-0.978264
3.145000	-0.977938
3.146000	-0.977609
3.147000	-0.977278
3.148000	-0.976945
3.149000	-0.976609
3.150000	-0.976270
3.151000	-0.975929
3.152000	-0.975586
3.153000	-0.975240
3.154000	-0.974892
3.155000	-0.974542
3.156000	-0.974189
3.157000	-0.973833
3.158000	-0.973475
3.159000	-0.973115
3.160000	-0.972753
3.161000	-0.972388
3.162000	-0.972020
3.163000	-0.971650
3.164000	-0.971278
3.165000	-0.970903
3.166000	-0.970526
3.167000	-0.970147
3.168000	-0.969765
3.169000	-0.969381
3.170000	-0.968994
3.171000	-0.968605
3.172000	-0.968213
3.173000	-0.967819
3.174000	-0.967423
3.175000	-0.967024
3.176000	-0.966623
3.177000	-0.966219
3.178000	-0.965814
3.179000	-0.965405
3.180000	-0.964994
3.181000	-0.964581
3.182000	-0.964166
3.183000	-0.963748
3.184000	-0.963328
3.185000	-0.962905
3.186000	-0.962480
3.187000	-0.962052
3.188000	-0.961622
3.189000	-0.961190
3.190000	-0.960755
3.191000	-0.960318
3.192000	-0.959879
3.193000	-0.959437
3.194000	-0.958993
3.195000	-0.958546
3.196000	-0.958097
3.197000	-0.957646
3.198000	-0.957192
3.199000	-0.956736
3.200000	-0.956277
3.201000	-0.955817
3.202000	-0.955353
3.203000	-0.954888
3.204000	-0.954420
3.205000	-0.953949
3.206000	-0.953476
3.207000	-0.953001
3.208000	-0.952524
3.209000	-0.952044
3.210000	-0.951562
3.211000	-0.951077
3.212000	-0.950590
3.213000	-0.950101
3.214000	-0.949609
3.215000	-0.949115
3.216000	-0.948618
3.217000	-0.948120
3.218000	-0.947618
3.219000	-0.947115
3.220000	-0.946609
3.221000	-0.946101
3.222000	-0.945590
3.223000	-0.945077
3.224000	-0.944562
3.225000	-0.944044
3.226000	-0.943524
3.227000	-0.943002
3.228000	-0.942477
3.229000	-0.941950
3.230000	-0.941421
3.231000	-0.940889
3.232000	-0.940355
3.233000	-0.939818
3.234000	-0.939279
3.235000	-0.938738
3.236000	-0.938195
3.237000	-0.937649
3.238000	-0.937101
3.239000	-0.936550
3.240000	-0.935997
3.241000	-0.935442
3.242000	-0.934885
3.243000	-0.934325
3.244000	-0.933763
3.245000	-0.933198
3.246000	-0.932631
3.247000	-0.932062
3.248000	-0.931491
3.249000	-0.930917
3.250000	-0.930341
3.251000	-0.929762
3.252000	-0.929181
3.253000	-0.928598
3.254000	-0.928013
3.255000	-0.927425
3.256000	-0.926835
3.257000	-0.926243
3.258000	-0.925648
3.259000	-0.925051
3.260000	-0.924452
3.261000	-0.923850
3.262000	-0.923246
3.263000	-0.922640
3.264000	-0.922031
3.265000	-0.921420
3.266000	-0.920807
3.267000	-0.920192
3.268000	-0.919574
3.269000	-0.918954
3.270000	-0.918331
3.271000	-0.917707
3.272000	-0.917080
3.273000	-0.916451
3.274000	-0.915819
3.275000	-0.915185
3.276000	-0.914549
3.277000	-0.913910
3.278000	-0.913270
3.279000	-0.912627
3.280000	-0.911981
3.281000	-0.911334
3.282000	-0.910684
3.283000	-0.910032
3.284000	-0.909377
3.285000	-0.908721
3.286000	-0.908062
3.287000	-0.907400
3.288000	-0.906737
3.289000	-0.906071
3.290000	-0.905403
3.291000	-0.904733
3.292000	-0.904060
3.293000	-0.903385
3.294000	-0.902708
3.295000	-0.902029
3.296000	-0.901347
3.297000	-0.900663
3.298000	-0.899977
3.299000	-0.899288
3.300000	-0.898598
3.301000	-0.897905
3.302000	-0.897209
3.303000	-0.896512
3.304000	-0.895812
3.305000	-0.895110
3.306000	-0.894406
3.307000	-0.893700
3.308000	-0.892991
3.309000	-0.892280
3.310000	-0.891567
3.311000	-0.890851
3.312000	-0.890134
3.313000	-0.889414
3.314000	-0.888691
3.315000	-0.887967
3.316000	-0.887240
3.317000	-0.886512
3.318000	-0.885780
3.319000	-0.885047
3.320000	-0.884311
3.321000	-0.883574
3.322000	-0.882834
3.323000	-0.882092
3.324000	-0.881347
3.325000	-0.880600
3.326000	-0.879852
3.327000	-0.879100
3.328000	-0.878347
3.329000	-0.877592
3.330000	-0.876834
3.331000	-0.876074
3.332000	-0.875312
3.333000	-0.874547
3.334000	-0.873781
3.335000	-0.873012
3.336000	-0.872241
3.337000	-0.871468
3.338000	-0.870692
3.339000	-0.869915
3.340000	-0.869135
3.341000	-0.868353
3.342000	-0.867569
3.343000	-0.866783
3.344000	-0.865994
3.345000	-0.865203
3.346000	-0.864411
3.347000	-0.863615
3.348000	-0.862818
3.349000	-0.862019
3.350000	-0.861217
3.351000	-0.860413
3.352000	-0.859607
3.353000	-0.858799
3.354000	-0.857989
3.355000	-0.857176
3.356000	-0.856362
3.357000	-0.855545
3.358000	-0.854726
3.359000	-0.853905
3.360000	-0.853081
3.361000	-0.852256
3.362000	-0.851428
3.363000	-0.850599
3.364000	-0.849767
3.365000	-0.848932
3.366000	-0.848096
3.367000	-0.847258
3.368000	-0.846417
3.369000	-0.845575
3.370000	-0.844730
3.371000	-0.843883
3.372000	-0.843034
3.373000	-0.842182
3.374000	-0.841329
3.375000	-0.840473
3.376000	-0.839616
3.377000	-0.838756
3.378000	-0.837894
3.379000	-0.837030
3.380000	-0.836164
3.381000	-0.835295
3.382000	-0.834425
3.383000	-0.833553
3.384000	-0.832678
3.385000	-0.831801
3.386000	-0.830922
3.387000	-0.830041
3.388000	-0.829158
3.389000	-0.828273
3.390000	-0.827385
3.391000	-0.826496
3.392000	-0.825604
3.393000	-0.824711
3.394000	-0.823815
3.395000	-0.822917
3.396000	-0.822017
3.397000	-0.821115
3.398000	-0.820211
3.399000	-0.819305
3.400000	-0.818397
3.401000	-0.817486
3.402000	-0.816574
3.403000	-0.815659
3.404000	-0.814742
3.405000	-0.813824
3.406000	-0.812903
3.407000	-0.811980
3.408000	-0.811055
3.409000	-0.810128
3.410000	-0.809199
3.411000	-0.808268
3.412000	-0.807334
3.413000	-0.806399
3.414000	-0.805462
3.415000	-0.804522
3.416000	-0.803581
3.417000	-0.802637
3.418000	-0.801692
3.419000	-0.800744
3.420000	-0.799794
3.421000	-0.798842
3.422000	-0.797889
3.423000	-0.796933
3.424000	-0.795975
3.425000	-0.795015
3.426000	-0.794053
3.427000	-0.793089
3.428000	-0.792123
3.429000	-0.791155
3.430000	-0.790185
3.431000	-0.789213
3.432000	-0.788239
3.433000	-0.787262
3.434000	-0.786284
3.435000	-0.785304
3.436000	-0.784322
3.437000	-0.783338
3.438000	-0.782351
3.439000	-0.781363
3.440000	-0.780373
3.441000	-0.779380
3.442000	-0.778386
3.443000	-0.777390
3.444000	-0.776392
3.445000	-0.775391
3.446000	-0.774389
3.447000	-0.773385
3.448000	-0.772378
3.449000	-0.771370
3.450000	-0.770360
3.451000	-0.769347
3.452000	-0.768333
3.453000	-0.767317
3.454000	-0.766299
3.455000	-0.765279
3.456000	-0.764256
3.457000	-0.763232
3.458000	-0.762206
3.459000	-0.761178
3.460000	-0.760148
3.461000	-0.759116
3.462000	-0.758082
3.463000	-0.757046
3.464000	-0.756008
3.465000	-0.754968
3.466000	-0.753927
3.467000	-0.752883
3.468000	-0.751837
3.469000	-0.750789
3.470000	-0.749740
3.471000	-0.748688
3.472000	-0.747635
3.473000	-0.746579
3.474000	-0.745522
3.475000	-0.744463
3.476000	-0.743401
3.477000	-0.742338
3.478000	-0.741273
3.479000	-0.740206
3.480000	-0.739137
3.481000	-0.738066
3.482000	-0.736993
3.483000	-0.735919
3.484000	-0.734842
3.485000	-0.733764
3.486000	-0.732683
3.487000	-0.731601
3.488000	-0.730516
3.489000	-0.729430
3.490000	-0.728342
3.491000	-0.727252
3.492000	-0.726160
3.493000	-0.725067
3.494000	-0.723971
3.495000	-0.722873
3.496000	-0.721774
3.497000	-0.720673
3.498000	-0.719570
3.499000	-0.718464
3.500000	-0.717357
3.501000	-0.716249
3.502000	-0.715138
3.503000	-0.714025
3.504000	-0.712911
3.505000	-0.711795
3.506000	-0.710676
3.507000	-0.709556
3.508000	-0.708434
3.509000	-0.707311
3.510000	-0.706185
3.511000	-0.705058
3.512000	-0.703928
3.513000	-0.702797
3.514000	-0.701664
3.515000	-0.700529
3.516000	-0.699393
3.517000	-0.698254
3.518000	-0.697114
3.519000	-0.695971
3.520000	-0.694827
3.521000	-0.693682
3.522000	-0.692534
3.523000	-0.691384
3.524000	-0.690233
3.525000	-0.689080
3.526000	-0.687925
3.527000	-0.686768
3.528000	-0.685610
3.529000	-0.684449
3.530000	-0.683287
3.531000	-0.682123
3.532000	-0.680957
3.533000	-0.679790
3.534000	-0.678620
3.535000	-0.677449
3.536000	-0.676276
3.537000	-0.675101
3.538000	-0.673925
3.539000	-0.672746
3.540000	-0.671566
3.541000	-0.670384
3.542000	-0.669201
3.543000	-0.668015
3.544000	-0.666828
3.545000	-0.665639
3.546000	-0.664448
3.547000	-0.663256
3.548000	-0.662062
3.549000	-0.660865
3.550000	-0.659668
3.551000	-0.658468
3.552000	-0.657267
3.553000	-0.656064
3.554000	-0.654859
3.555000	-0.653652
3.556000	-0.652444
3.557000	-0.651234
3.558000	-0.650023
3.559000	-0.648809
3.560000	-0.647594
3.561000	-0.646377
3.562000	-0.645158
3.563000	-0.643938
3.564000	-0.642716
3.565000	-0.641492
3.566000	-0.640267
3.567000	-0.639039
3.568000	-0.637810
3.569000	-0.636580
3.570000	-0.635347
3.571000	-0.634113
3.572000	-0.632878
3.573000	-0.631640
3.574000	-0.630401
3.575000	-0.629160
3.576000	-0.627918
3.577000	-0.626674
3.578000	-0.625428
3.579000	-0.624180
3.580000	-0.622931
3.581000	-0.621680
3.582000	-0.620428
3.583000	-0.619174
3.584000	-0.617918
3.585000	-0.616660
3.586000	-0.615401
3.587000	-0.614140
3.588000	-0.612878
3.589000	-0.611614
3.590000	-0.610348
3.591000	-0.609081
3.592000	-0.607812
3.593000	-0.606541
3.594000	-0.605268
3.595000	-0.603995
3.596000	-0.602719
3.597000	-0.601442
3.598000	-0.600163
3.599000	-0.598883
3.600000	-0.597600
3.601000	-0.596317
3.602000	-0.595032
3.603000	-0.593745
3.604000	-0.592456
3.605000	-0.591166
3.606000	-0.589874
3.607000	-0.588581
3.608000	-0.587286
3.609000	-0.585990
3.610000	-0.584692
3.611000	-0.583392
3.612000	-0.582091
3.613000	-0.580788
3.614000	-0.579484
3.615000	-0.578178
3.616000	-0.576871
3.617000	-0.575561
3.618000	-0.574251
3.619000	-0.572939
3.620000	-0.571625
3.621000	-0.570310
3.622000	-0.568993
3.623000	-0.567675
3.624000	-0.566355
3.625000	-0.565033
3.626000	-0.563710
3.627000	-0.562386
3.628000	-0.561060
3.629000	-0.559732
3.630000	-0.558403
3.631000	-0.557072
3.632000	-0.555740
3.633000	-0.554407
3.634000	-0.553072
3.635000	-0.551735
3.636000	-0.550397
3.637000	-0.549057
3.638000	-0.547716
3.639000	-0.546373
3.640000	-0.545029
3.641000	-0.543684
3.642000	-0.542337
3.643000	-0.540988
3.644000	-0.539638
3.645000	-0.538287
3.646000	-0.536934
3.647000	-0.535579
3.648000	-0.534223
3.649000	-0.532866
3.650000	-0.531507
3.651000	-0.530147
3.652000	-0.528785
3.653000	-0.527422
3.654000	-0.526058
3.655000	-0.524692
3.656000	-0.523324
3.657000	-0.521955
3.658000	-0.520585
3.659000	-0.519213
3.660000	-0.517840
3.661000	-0.516466
3.662000	-0.515090
3.663000	-0.513712
3.664000	-0.512333
3.665000	-0.510953
3.666000	-0.509572
3.667000	-0.508189
3.668000	-0.506804
3.669000	-0.505419
3.670000	-0.504032
3.671000	-0.502643
3.672000	-0.501253
3.673000	-0.499862
3.674000	-0.498469
3.675000	-0.497075
3.676000	-0.495680
3.677000	-0.494283
3.678000	-0.492885
3.679000	-0.491486
3.680000	-0.490085
3.681000	-0.488683
3.682000	-0.487280
3.683000	-0.485875
3.684000	-0.484469
3.685000	-0.483062
3.686000	-0.481653
3.687000	-0.480243
3.688000	-0.478832
3.689000	-0.477419
3.690000	-0.476005
3.691000	-0.474590
3.692000	-0.473173
3.693000	-0.471756
3.694000	-0.470336
3.695000	-0.468916
3.696000	-0.467494
3.697000	-0.466071
3.698000	-0.464647
3.699000	-0.463222
3.700000	-0.461795
3.701000	-0.460367
3.702000	-0.458938
3.703000	-0.457507
3.704000	-0.456076
3.705000	-0.454643
3.706000	-0.453208
3.707000	-0.451773
3.708000	-0.450336
3.709000	-0.448898
3.710000	-0.447459
3.711000	-0.446019
3.712000	-0.444577
3.713000	-0.443135
3.714000	-0.441691
3.715000	-0.440245
3.716000	-0.438799
3.717000	-0.437352
3.718000	-0.435903
3.719000	-0.434453
3.720000	-0.433002
3.721000	-0.431550
3.722000	-0.430096
3.723000	-0.428642
3.724000	-0.427186
3.725000	-0.425729
3.726000	-0.424271
3.727000	-0.422812
3.728000	-0.421352
3.729000	-0.419890
3.730000	-0.418427
3.731000	-0.416964
3.732000	-0.415499
3.733000	-0.414033
3.734000	-0.412566
3.735000	-0.411098
3.736000	-0.409629
3.737000	-0.408158
3.738000	-0.406687
3.739000	-0.405214
3.740000	-0.403741
3.741000	-0.402266
3.742000	-0.400790
3.743000	-0.399313
3.744000	-0.397835
3.745000	-0.396357
3.746000	-0.394877
3.747000	-0.393395
3.748000	-0.391913
3.749000	-0.390430
3.750000	-0.388946
3.751000	-0.387461
3.752000	-0.385975
3.753000	-0.384487
3.754000	-0.382999
3.755000	-0.381510
3.756000	-0.380020
3.757000	-0.378528
3.758000	-0.377036
3.759000	-0.375543
3.760000	-0.374049
3.761000	-0.372553
3.762000	-0.371057
3.763000	-0.369560
3.764000	-0.368062
3.765000	-0.366563
3.766000	-0.365063
3.767000	-0.363562
3.768000	-0.362060
3.769000	-0.360557
3.770000	-0.359054
3.771000	-0.357549
3.772000	-0.356043
3.773000	-0.354537
3.774000	-0.353029
3.775000	-0.351521
3.776000	-0.350012
3.777000	-0.348502
3.778000	-0.346990
3.779000	-0.345479
3.780000	-0.343966
3.781000	-0.342452
3.782000	-0.340938
3.783000	-0.339422
3.784000	-0.337906
3.785000	-0.336389
3.786000	-0.334871
3.787000	-0.333352
3.788000	-0.331833
3.789000	-0.330312
3.790000	-0.328791
3.791000	-0.327269
3.792000	-0.325746
3.793000	-0.324222
3.794000	-0.322698
3.795000	-0.321173
3.796000	-0.319646
3.797000	-0.318120
3.798000	-0.316592
3.799000	-0.315064
3.800000	-0.313534
3.801000	-0.312004
3.802000	-0.310474
3.803000	-0.308942
3.804000	-0.307410
3.805000	-0.305877
3.806000	-0.304344
3.807000	-0.302809
3.808000	-0.301274
3.809000	-0.299738
3.810000	-0.298202
3.811000	-0.296665
3.812000	-0.295127
3.813000	-0.293588
3.814000	-0.292049
3.815000	-0.290509
3.816000	-0.288968
3.817000	-0.287427
3.818000	-0.285885
3.819000	-0.284342
3.820000	-0.282799
3.821000	-0.281255
3.822000	-0.279710
3.823000	-0.278165
3.824000	-0.276619
3.825000	-0.275073
3.826000	-0.273526
3.827000	-0.271978
3.828000	-0.270430
3.829000	-0.268881
3.830000	-0.267331
3.831000	-0.265781
3.832000	-0.264230
3.833000	-0.262679
3.834000	-0.261127
3.835000	-0.259575
3.836000	-0.258022
3.837000	-0.256469
3.838000	-0.254914
3.839000	-0.253360
3.840000	-0.251805
3.841000	-0.250249
3.842000	-0.248693
3.843000	-0.247136
3.844000	-0.245579
3.845000	-0.244021
3.846000	-0.242463
3.847000	-0.240905
3.848000	-0.239345
3.849000	-0.237786
3.850000	-0.236226
3.851000	-0.234665
3.852000	-0.233104
3.853000	-0.231543
3.854000	-0.229981
3.855000	-0.228418
3.856000	-0.226855
3.857000	-0.225292
3.858000	-0.223728
3.859000	-0.222164
3.860000	-0.220600
3.861000	-0.219035
3.862000	-0.217469
3.863000	-0.215904
3.864000	-0.214337
3.865000	-0.212771
3.866000	-0.211204
3.867000	-0.209637
3.868000	-0.208069
3.869000	-0.206501
3.870000	-0.204933
3.871000	-0.203364
3.872000	-0.201795
3.873000	-0.200225
3.874000	-0.198656
3.875000	-0.197086
3.876000	-0.195515
3.877000	-0.193945
3.878000	-0.192374
3.879000	-0.190802
3.880000	-0.189231
3.881000	-0.187659
3.882000	-0.186086
3.883000	-0.184514
3.884000	-0.182941
3.885000	-0.181368
3.886000	-0.179795
3.887000	-0.178221
3.888000	-0.176647
3.889000	-0.175073
3.890000	-0.173499
3.891000	-0.171925
3.892000	-0.170350
3.893000	-0.168775
3.894000	-0.167200
3.895000	-0.165624
3.896000	-0.164049
3.897000	-0.162473
3.898000	-0.160897
3.899000	-0.159320
3.900000	-0.157744
3.901000	-0.156167
3.902000	-0.154591
3.903000	-0.153014
3.904000	-0.151437
3.905000	-0.149859
3.906000	-0.148282
3.907000	-0.146704
3.908000	-0.145127
3.909000	-0.143549
3.910000	-0.141971
3.911000	-0.140393
3.912000	-0.138815
3.913000	-0.137236
3.914000	-0.135658
3.915000	-0.134079
3.916000	-0.132501
3.917000	-0.130922
3.918000	-0.129343
3.919000	-0.127764
3.920000	-0.126185
3.921000	-0.124606
3.922000	-0.123027
3.923000	-0.121448
3.924000	-0.119868
3.925000	-0.118289
3.926000	-0.116710
3.927000	-0.115130
3.928000	-0.113551
3.929000	-0.111972
3.930000	-0.110392
3.931000	-0.108813
3.932000	-0.107233
3.933000	-0.105653
3.934000	-0.104074
3.935000	-0.102494
3.936000	-0.100915
3.937000	-0.099335
3.938000	-0.097756
3.939000	-0.096176
3.940000	-0.094597
3.941000	-0.093017
3.942000	-0.091438
3.943000	-0.089858
3.944000	-0.088279
3.945000	-0.086700
3.946000	-0.085121
3.947000	-0.083541
3.948000	-0.081962
3.949000	-0.080383
3.950000	-0.078804
3.951000	-0.077225
3.952000	-0.075647
3.953000	-0.074068
3.954000	-0.072489
3.955000	-0.070911
3.956000	-0.069332
3.957000	-0.067754
3.958000	-0.066175
3.959000	-0.064597
3.960000	-0.063019
3.961000	-0.061441
3.962000	-0.059863
3.963000	-0.058286
3.964000	-0.056708
3.965000	-0.055131
3.966000	-0.053553
3.967000	-0.051976
3.968000	-0.050399
3.969000	-0.048823
3.970000	-0.047246
3.971000	-0.045670
3.972000	-0.044093
3.973000	-0.042517
3.974000	-0.040941
3.975000	-0.039365
3.976000	-0.037790
3.977000	-0.036214
3.978000	-0.034639
3.979000	-0.033064
3.980000	-0.031489
3.981000	-0.029914
3.982000	-0.028340
3.983000	-0.026766
3.984000	-0.025192
3.985000	-0.023618
3.986000	-0.022044
3.987000	-0.020471
3.988000	-0.018898
3.989000	-0.017325
3.990000	-0.015753
3.991000	-0.014180
3.992000	-0.012608
3.993000	-0.011036
3.994000	-0.009465
3.995000	-0.007893
3.996000	-0.006322
3.997000	-0.004751
3.998000	-0.003181
3.999000	-0.001610
4.000000	-0.000040
4.001000	0.001530
4.002000	0.003099
4.003000	0.004669
4.004000	0.006238
4.005000	0.007806
4.006000	0.009375
4.007000	0.010943
4.008000	0.012510
4.009000	0.014078
4.010000	0.015645
4.011000	0.017211
4.012000	0.018777
4.013000	0.020343
4.014000	0.021909
4.015000	0.023475
4.016000	0.025040
4.017000	0.026605
4.018000	0.028169
4.019000	0.029733
4.020000	0.031297
4.021000	0.032861
4.022000	0.034424
4.023000	0.035988
4.024000	0.037550
4.025000	0.039112
4.026000	0.040674
4.027000	0.042236
4.028000	0.043797
4.029000	0.045357
4.030000	0.046917
4.031000	0.048476
4.032000	0.050036
4.033000	0.051594
4.034000	0.053153
4.035000	0.054711
4.036000	0.056268
4.037000	0.057826
4.038000	0.059383
4.039000	0.060939
4.040000	0.062496
4.041000	0.064052
4.042000	0.065608
4.043000	0.067164
4.044000	0.068719
4.045000	0.070274
4.046000	0.071828
4.047000	0.073382
4.048000	0.074935
4.049000	0.076488
4.050000	0.078039
4.051000	0.079591
4.052000	0.081141
4.053000	0.082691
4.054000	0.084241
4.055000	0.085790
4.056000	0.087339
4.057000	0.088887
4.058000	0.090436
4.059000	0.091984
4.060000	0.093532
4.061000	0.095079
4.062000	0.096627
4.063000	0.098174
4.064000	0.099721
4.065000	0.101267
4.066000	0.102813
4.067000	0.104358
4.068000	0.105903
4.069000	0.107446
4.070000	0.108989
4.071000	0.110531
4.072000	0.112072
4.073000	0.113612
4.074000	0.115152
4.075000	0.116691
4.076000	0.118230
4.077000	0.119768
4.078000	0.121307
4.079000	0.122845
4.080000	0.124383
4.081000	0.125921
4.082000	0.127458
4.083000	0.128996
4.084000	0.130533
4.085000	0.132070
4.086000	0.133607
4.087000	0.135143
4.088000	0.136677
4.089000	0.138211
4.090000	0.139744
4.091000	0.141276
4.092000	0.142807
4.093000	0.144337
4.094000	0.145866
4.095000	0.147394
4.096000	0.148922
4.097000	0.150449
4.098000	0.151976
4.099000	0.153503
4.100000	0.155030
4.101000	0.156557
4.102000	0.158084
4.103000	0.159611
4.104000	0.161138
4.105000	0.162664
4.106000	0.164190
4.107000	0.165715
4.108000	0.167239
4.109000	0.168763
4.110000	0.170285
4.111000	0.171806
4.112000	0.173326
4.113000	0.174845
4.114000	0.176362
4.115000	0.177879
4.116000	0.179396
4.117000	0.180912
4.118000	0.182427
4.119000	0.183942
4.120000	0.185458
4.121000	0.186973
4.122000	0.188488
4.123000	0.190003
4.124000	0.191517
4.125000	0.193032
4.126000	0.194545
4.127000	0.196058
4.128000	0.197571
4.129000	0.199082
4.130000	0.200592
4.131000	0.202101
4.132000	0.203610
4.133000	0.205117
4.134000	0.206623
4.135000	0.208128
4.136000	0.209633
4.137000	0.211137
4.138000	0.212640
4.139000	0.214144
4.140000	0.215646
4.141000	0.217149
4.142000	0.218651
4.143000	0.220153
4.144000	0.221655
4.145000	0.223156
4.146000	0.224656
4.147000	0.226156
4.148000	0.227655
4.149000	0.229153
4.150000	0.230650
4.151000	0.232147
4.152000	0.233642
4.153000	0.235137
4.154000	0.236630
4.155000	0.238123
4.156000	0.239616
4.157000	0.241107
4.158000	0.242598
4.159000	0.244089
4.160000	0.245578
4.161000	0.247068
4.162000	0.248556
4.163000	0.250045
4.164000	0.251532
4.165000	0.253019
4.166000	0.254506
4.167000	0.255992
4.168000	0.257476
4.169000	0.258961
4.170000	0.260444
4.171000	0.261927
4.172000	0.263408
4.173000	0.264889
4.174000	0.266370
4.175000	0.267849
4.176000	0.269328
4.177000	0.270806
4.178000	0.272283
4.179000	0.273760
4.180000	0.275236
4.181000	0.276711
4.182000	0.278186
4.183000	0.279659
4.184000	0.281133
4.185000	0.282605
4.186000	0.284077
4.187000	0.285548
4.188000	0.287018
4.189000	0.288488
4.190000	0.289956
4.191000	0.291424
4.192000	0.292892
4.193000	0.294358
4.194000	0.295824
4.195000	0.297289
4.196000	0.298753
4.197000	0.300216
4.198000	0.301679
4.199000	0.303141
4.200000	0.304602
4.201000	0.306062
4.202000	0.307522
4.203000	0.308980
4.204000	0.310438
4.205000	0.311896
4.206000	0.313352
4.207000	0.314808
4.208000	0.316263
4.209000	0.317717
4.210000	0.319170
4.211000	0.320623
4.212000	0.322074
4.213000	0.323525
4.214000	0.324975
4.215000	0.326425
4.216000	0.327873
4.217000	0.329321
4.218000	0.330768
4.219000	0.332214
4.220000	0.333659
4.221000	0.335104
4.222000	0.336547
4.223000	0.337990
4.224000	0.339432
4.225000	0.340873
4.226000	0.342314
4.227000	0.343753
4.228000	0.345192
4.229000	0.346630
4.230000	0.348067
4.231000	0.349503
4.232000	0.350938
4.233000	0.352373
4.234000	0.353806
4.235000	0.355239
4.236000	0.356671
4.237000	0.358102
4.238000	0.359533
4.239000	0.360962
4.240000	0.362390
4.241000	0.363818
4.242000	0.365245
4.243000	0.366671
4.244000	0.368096
4.245000	0.369520
4.246000	0.370943
4.247000	0.372366
4.248000	0.373787
4.249000	0.375208
4.250000	0.376628
4.251000	0.378047
4.252000	0.379465
4.253000	0.380882
4.254000	0.382298
4.255000	0.383713
4.256000	0.385128
4.257000	0.386541
4.258000	0.387954
4.259000	0.389366
4.260000	0.390777
4.261000	0.392186
4.262000	0.393595
4.263000	0.395003
4.264000	0.396411
4.265000	0.397817
4.266000	0.399222
4.267000	0.400627
4.268000	0.402030
4.269000	0.403432
4.270000	0.404834
4.271000	0.406235
4.272000	0.407634
4.273000	0.409033
4.274000	0.410431
4.275000	0.411828
4.276000	0.413224
4.277000	0.414619
4.278000	0.416013
4.279000	0.417406
4.280000	0.418798
4.281000	0.420189
4.282000	0.421579
4.283000	0.422968
4.284000	0.424357
4.285000	0.425744
4.286000	0.427130
4.287000	0.428515
4.288000	0.429900
4.289000	0.431283
4.290000	0.432665
4.291000	0.434047
4.292000	0.435427
4.293000	0.436806
4.294000	0.438185
4.295000	0.439562
4.296000	0.440938
4.297000	0.442314
4.298000	0.443688
4.299000	0.445062
4.300000	0.446434
4.301000	0.447805
4.302000	0.449175
4.303000	0.450545
4.304000	0.451913
4.305000	0.453280
4.306000	0.454646
4.307000	0.456011
4.308000	0.457376
4.309000	0.458739
4.310000	0.460101
4.311000	0.461462
4.312000	0.462822
4.313000	0.464181
4.314000	0.465538
4.315000	0.466895
4.316000	0.468251
4.317000	0.469606
4.318000	0.470959
4.319000	0.472312
4.320000	0.473663
4.321000	0.475014
4.322000	0.476363
4.323000	0.477711
4.324000	0.479058
4.325000	0.480404
4.326000	0.481749
4.327000	0.483093
4.328000	0.484436
4.329000	0.485778
4.330000	0.487118
4.331000	0.488458
4.332000	0.489796
4.333000	0.491134
4.334000	0.492470
4.335000	0.493805
4.336000	0.495139
4.337000	0.496472
4.338000	0.497803
4.339000	0.499134
4.340000	0.500464
4.341000	0.501792
4.342000	0.503119
4.343000	0.504445
4.344000	0.505770
4.345000	0.507094
4.346000	0.508417
4.347000	0.509738
4.348000	0.511059
4.349000	0.512378
4.350000	0.513696
4.351000	0.515013
4.352000	0.516329
4.353000	0.517643
4.354000	0.518957
4.355000	0.520269
4.356000	0.521580
4.357000	0.522890
4.358000	0.524199
4.359000	0.525506
4.360000	0.526812
4.361000	0.528118
4.362000	0.529422
4.363000	0.530724
4.364000	0.532026
4.365000	0.533326
4.366000	0.534625
4.367000	0.535923
4.368000	0.537220
4.369000	0.538516
4.370000	0.539810
4.371000	0.541103
4.372000	0.542395
4.373000	0.543686
4.374000	0.544975
4.375000	0.546264
4.376000	0.547551
4.377000	0.548836
4.378000	0.550121
4.379000	0.551404
4.380000	0.552686
4.381000	0.553967
4.382000	0.555247
4.383000	0.556525
4.384000	0.557802
4.385000	0.559078
4.386000	0.560352
4.387000	0.561625
4.388000	0.562897
4.389000	0.564168
4.390000	0.565437
4.391000	0.566706
4.392000	0.567973
4.393000	0.569238
4.394000	0.570502
4.395000	0.571765
4.396000	0.573027
4.397000	0.574288
4.398000	0.575547
4.399000	0.576805
4.400000	0.578061
4.401000	0.579316
4.402000	0.580570
4.403000	0.581823
4.404000	0.583074
4.405000	0.584324
4.406000	0.585573
4.407000	0.586820
4.408000	0.588066
4.409000	0.589311
4.410000	0.590554
4.411000	0.591796
4.412000	0.593036
4.413000	0.594276
4.414000	0.595514
4.415000	0.596750
4.416000	0.597986
4.417000	0.599219
4.418000	0.600452
4.419000	0.601683
4.420000	0.602913
4.421000	0.604141
4.422000	0.605368
4.423000	0.606594
4.424000	0.607818
4.425000	0.609041
4.426000	0.610263
4.427000	0.611483
4.428000	0.612702
4.429000	0.613919
4.430000	0.615135
4.431000	0.616350
4.432000	0.617563
4.433000	0.618775
4.434000	0.619985
4.435000	0.621194
4.436000	0.622401
4.437000	0.623607
4.438000	0.624812
4.439000	0.626015
4.440000	0.627217
4.441000	0.628418
4.442000	0.629617
4.443000	0.630814
4.444000	0.632010
4.445000	0.633205
4.446000	0.634398
4.447000	0.635590
4.448000	0.636780
4.449000	0.637969
4.450000	0.639156
4.451000	0.640342
4.452000	0.641527
4.453000	0.642710
4.454000	0.643891
4.455000	0.645072
4.456000	0.646250
4.457000	0.647427
4.458000	0.648603
4.459000	0.649777
4.460000	0.650950
4.461000	0.652121
4.462000	0.653291
4.463000	0.654459
4.464000	0.655625
4.465000	0.656791
4.466000	0.657954
4.467000	0.659116
4.468000	0.660277
4.469000	0.661436
4.470000	0.662594
4.471000	0.663750
4.472000	0.664904
4.473000	0.666057
4.474000	0.667209
4.475000	0.668359
4.476000	0.669507
4.477000	0.670654
4.478000	0.671800
4.479000	0.672944
4.480000	0.674086
4.481000	0.675227
4.482000	0.676366
4.483000	0.677503
4.484000	0.678639
4.485000	0.679774
4.486000	0.680907
4.487000	0.682038
4.488000	0.683168
4.489000	0.684296
4.490000	0.685423
4.491000	0.686548
4.492000	0.687671
4.493000	0.688793
4.494000	0.689913
4.495000	0.691032
4.496000	0.692149
4.497000	0.693264
4.498000	0.694378
4.499000	0.695491
4.500000	0.696601
4.501000	0.697710
4.502000	0.698818
4.503000	0.699924
4.504000	0.701028
4.505000	0.702130
4.506000	0.703231
4.507000	0.704331
4.508000	0.705428
4.509000	0.706524
4.510000	0.707619
4.511000	0.708712
4.512000	0.709803
4.513000	0.710892
4.514000	0.711980
4.515000	0.713066
4.516000	0.714151
4.517000	0.715234
4.518000	0.716315
4.519000	0.717394
4.520000	0.718472
4.521000	0.719548
4.522000	0.720623
4.523000	0.721696
4.524000	0.722767
4.525000	0.723836
4.526000	0.724904
4.527000	0.725970
4.528000	0.727035
4.529000	0.728098
4.530000	0.729159
4.531000	0.730218
4.532000	0.731276
4.533000	0.732331
4.534000	0.733386
4.535000	0.734438
4.536000	0.735489
4.537000	0.736538
4.538000	0.737585
4.539000	0.738631
4.540000	0.739675
4.541000	0.740717
4.542000	0.741758
4.543000	0.742796
4.544000	0.743833
4.545000	0.744869
4.546000	0.745902
4.547000	0.746934
4.548000	0.747964
4.549000	0.748992
4.550000	0.750019
4.551000	0.751043
4.552000	0.752066
4.553000	0.753088
4.554000	0.754107
4.555000	0.755125
4.556000	0.756141
4.557000	0.757155
4.558000	0.758167
4.559000	0.759178
4.560000	0.760187
4.561000	0.761194
4.562000	0.762199
4.563000	0.763202
4.564000	0.764204
4.565000	0.765204
4.566000	0.766202
4.567000	0.767198
4.568000	0.768193
4.569000	0.769185
4.570000	0.770176
4.571000	0.771165
4.572000	0.772152
4.573000	0.773138
4.574000	0.774121
4.575000	0.775103
4.576000	0.776083
4.577000	0.777061
4.578000	0.778037
4.579000	0.779012
4.580000	0.779984
4.581000	0.780955
4.582000	0.781924
4.583000	0.782891
4.584000	0.783856
4.585000	0.784820
4.586000	0.785781
4.587000	0.786741
4.588000	0.787699
4.589000	0.788655
4.590000	0.789609
4.591000	0.790561
4.592000	0.791511
4.593000	0.792460
4.594000	0.793406
4.595000	0.794351
4.596000	0.795294
4.597000	0.796235
4.598000	0.797174
4.599000	0.798111
4.600000	0.799046
4.601000	0.799980
4.602000	0.800911
4.603000	0.801841
4.604000	0.802769
4.605000	0.803694
4.606000	0.804618
4.607000	0.805540
4.608000	0.806460
4.609000	0.807378
4.610000	0.808295
4.611000	0.809209
4.612000	0.810122
4.613000	0.811032
4.614000	0.811941
4.615000	0.812847
4.616000	0.813752
4.617000	0.814655
4.618000	0.815556
4.619000	0.816454
4.620000	0.817351
4.621000	0.818246
4.622000	0.819140
4.623000	0.820031
4.624000	0.820920
4.625000	0.821807
4.626000	0.822692
4.627000	0.823576
4.628000	0.824457
4.629000	0.825336
4.630000	0.826214
4.631000	0.827089
4.632000	0.827963
4.633000	0.828834
4.634000	0.829704
4.635000	0.830571
4.636000	0.831437
4.637000	0.832300
4.638000	0.833162
4.639000	0.834022
4.640000	0.834879
4.641000	0.835735
4.642000	0.836589
4.643000	0.837440
4.644000	0.838290
4.645000	0.839137
4.646000	0.839983
4.647000	0.840827
4.648000	0.841668
4.649000	0.842508
4.650000	0.843346
4.651000	0.844181
4.652000	0.845015
4.653000	0.845846
4.654000	0.846676
4.655000	0.847503
4.656000	0.848329
4.657000	0.849152
4.658000	0.849974
4.659000	0.850793
4.660000	0.851610
4.661000	0.852426
4.662000	0.853239
4.663000	0.854050
4.664000	0.854859
4.665000	0.855666
4.666000	0.856471
4.667000	0.857274
4.668000	0.858075
4.669000	0.858874
4.670000	0.859671
4.671000	0.860466
4.672000	0.861259
4.673000	0.862049
4.674000	0.862838
4.675000	0.863624
4.676000	0.864409
4.677000	0.865191
4.678000	0.865971
4.679000	0.866749
4.680000	0.867526
4.681000	0.868300
4.682000	0.869072
4.683000	0.869841
4.684000	0.870609
4.685000	0.871375
4.686000	0.872138
4.687000	0.872900
4.688000	0.873659
4.689000	0.874417
4.690000	0.875172
4.691000	0.875925
4.692000	0.876676
4.693000	0.877425
4.694000	0.878171
4.695000	0.878916
4.696000	0.879659
4.697000	0.880399
4.698000	0.881137
4.699000	0.881873
4.700000	0.882607
4.701000	0.883339
4.702000	0.884069
4.703000	0.884797
4.704000	0.885522
4.705000	0.886246
4.706000	0.886967
4.707000	0.887686
4.708000	0.888403
4.709000	0.889118
4.710000	0.889830
4.711000	0.890541
4.712000	0.891249
4.713000	0.891956
4.714000	0.892660
4.715000	0.893362
4.716000	0.894061
4.717000	0.894759
4.718000	0.895454
4.719000	0.896148
4.720000	0.896839
4.721000	0.897528
4.722000	0.898215
4.723000	0.898899
4.724000	0.899582
4.725000	0.900262
4.726000	0.900940
4.727000	0.901616
4.728000	0.902290
4.729000	0.902961
4.730000	0.903631
4.731000	0.904298
4.732000	0.904963
4.733000	0.905626
4.734000	0.906286
4.735000	0.906945
4.736000	0.907601
4.737000	0.908255
4.738000	0.908907
4.739000	0.909557
4.740000	0.910204
4.741000	0.910849
4.742000	0.911492
4.743000	0.912133
4.744000	0.912772
4.745000	0.913408
4.746000	0.914042
4.747000	0.914674
4.748000	0.915304
4.749000	0.915932
4.750000	0.916557
4.751000	0.917180
4.752000	0.917801
4.753000	0.918420
4.754000	0.919036
4.755000	0.919650
4.756000	0.920262
4.757000	0.920872
4.758000	0.921480
4.759000	0.922085
4.760000	0.922688
4.761000	0.923289
4.762000	0.923887
4.763000	0.924484
4.764000	0.925078
4.765000	0.925670
4.766000	0.926259
4.767000	0.926847
4.768000	0.927432
4.769000	0.928015
4.770000	0.928595
4.771000	0.929173
4.772000	0.929749
4.773000	0.930323
4.774000	0.930895
4.775000	0.931464
4.776000	0.932031
4.777000	0.932596
4.778000	0.933158
4.779000	0.933719
4.780000	0.934277
4.781000	0.934832
4.782000	0.935386
4.783000	0.935937
4.784000	0.936486
4.785000	0.937032
4.786000	0.937577
4.787000	0.938119
4.788000	0.938658
4.789000	0.939196
4.790000	0.939731
4.791000	0.940264
4.792000	0.940795
4.793000	0.941323
4.794000	0.941849
4.795000	0.942373
4.796000	0.942894
4.797000	0.943413
4.798000	0.943930
4.799000	0.944445
4.800000	0.944957
4.801000	0.945467
4.802000	0.945975
4.803000	0.946480
4.804000	0.946983
4.805000	0.947484
4.806000	0.947982
4.807000	0.948478
4.808000	0.948972
4.809000	0.949464
4.810000	0.949953
4.811000	0.950440
4.812000	0.950924
4.813000	0.951407
4.814000	0.951887
4.815000	0.952364
4.816000	0.952839
4.817000	0.953312
4.818000	0.953783
4.819000	0.954251
4.820000	0.954717
4.821000	0.955181
4.822000	0.955642
4.823000	0.956101
4.824000	0.956558
4.825000	0.957012
4.826000	0.957464
4.827000	0.957914
4.828000	0.958361
4.829000	0.958806
4.830000	0.959249
4.831000	0.959689
4.832000	0.960127
4.833000	0.960563
4.834000	0.960996
4.835000	0.961427
4.836000	0.961856
4.837000	0.962282
4.838000	0.962706
4.839000	0.963127
4.840000	0.963546
4.841000	0.963963
4.842000	0.964378
4.843000	0.964790
4.844000	0.965200
4.845000	0.965607
4.846000	0.966012
4.847000	0.966415
4.848000	0.966815
4.849000	0.967213
4.850000	0.967609
4.851000	0.968002
4.852000	0.968393
4.853000	0.968781
4.854000	0.969167
4.855000	0.969551
4.856000	0.969932
4.857000	0.970311
4.858000	0.970688
4.859000	0.971062
4.860000	0.971434
4.861000	0.971804
4.862000	0.972171
4.863000	0.972536
4.864000	0.972898
4.865000	0.973258
4.866000	0.973616
4.867000	0.973971
4.868000	0.974324
4.869000	0.974674
4.870000	0.975022
4.871000	0.975368
4.872000	0.975712
4.873000	0.976052
4.874000	0.976391
4.875000	0.976727
4.876000	0.977061
4.877000	0.977392
4.878000	0.977721
4.879000	0.978048
4.880000	0.978372
4.881000	0.978694
4.882000	0.979013
4.883000	0.979330
4.884000	0.979645
4.885000	0.979957
4.886000	0.980267
4.887000	0.980574
4.888000	0.980879
4.889000	0.981182
4.890000	0.981482
4.891000	0.981780
4.892000	0.982076
4.893000	0.982368
4.894000	0.982659
4.895000	0.982947
4.896000	0.983233
4.897000	0.983516
4.898000	0.983797
4.899000	0.984076
4.900000	0.984352
4.901000	0.984626
4.902000	0.984897
4.903000	0.985166
4.904000	0.985432
4.905000	0.985696
4.906000	0.985958
4.907000	0.986217
4.908000	0.986474
4.909000	0.986728
4.910000	0.986980
4.911000	0.987230
4.912000	0.987477
4.913000	0.987722
4.914000	0.987964
4.915000	0.988204
4.916000	0.988441
4.917000	0.988676
4.918000	0.988909
4.919000	0.989139
4.920000	0.989367
4.921000	0.989592
4.922000	0.989815
4.923000	0.990036
4.924000	0.990254
4.925000	0.990469
4.926000	0.990682
4.927000	0.990893
4.928000	0.991102
4.929000	0.991307
4.930000	0.991511
4.931000	0.991712
4.932000	0.991910
4.933000	0.992106
4.934000	0.992300
4.935000	0.992491
4.936000	0.992680
4.937000	0.992867
4.938000	0.993051
4.939000	0.993232
4.940000	0.993411
4.941000	0.993588
4.942000	0.993762
4.943000	0.993934
4.944000	0.994103
4.945000	0.994270
4.946000	0.994434
4.947000	0.994596
4.948000	0.994756
4.949000	0.994913
4.950000	0.995068
4.951000	0.995220
4.952000	0.995370
4.953000	0.995517
4.954000	0.995662
4.955000	0.995804
4.956000	0.995944
4.957000	0.996082
4.958000	0.996217
4.959000	0.996350
4.960000	0.996480
4.961000	0.996607
4.962000	0.996733
4.963000	0.996855
4.964000	0.996976
4.965000	0.997094
4.966000	0.997209
4.967000	0.997322
4.968000	0.997433
4.969000	0.997541
4.970000	0.997647
4.971000	0.997750
4.972000	0.997851
4.973000	0.997949
4.974000	0.998045
4.975000	0.998138
4.976000	0.998229
4.977000	0.998318
4.978000	0.998404
4.979000	0.998487
4.980000	0.998568
4.981000	0.998647
4.982000	0.998723
4.983000	0.998797
4.984000	0.998868
4.985000	0.998937
4.986000	0.999004
4.987000	0.999068
4.988000	0.999129
4.989000	0.999188
4.990000	0.999245
4.991000	0.999299
4.992000	0.999350
4.993000	0.999400
4.994000	0.999446
4.995000	0.999490
4.996000	0.999532
4.997000	0.999572
4.998000	0.999608
4.999000	0.999643
